5.880000000000000000e+02 2.180000000000000000e+02 2.300000000000000000e+01 3.800000000000000000e+01
5.870000000000000000e+02 2.170000000000000000e+02 2.300000000000000000e+01 3.800000000000000000e+01
5.870000000000000000e+02 2.170000000000000000e+02 2.300000000000000000e+01 3.800000000000000000e+01
5.870000000000000000e+02 2.160000000000000000e+02 2.300000000000000000e+01 3.800000000000000000e+01
5.870000000000000000e+02 2.150000000000000000e+02 2.300000000000000000e+01 3.800000000000000000e+01
5.870000000000000000e+02 2.140000000000000000e+02 2.300000000000000000e+01 3.800000000000000000e+01
5.870000000000000000e+02 2.130000000000000000e+02 2.300000000000000000e+01 3.800000000000000000e+01
5.870000000000000000e+02 2.130000000000000000e+02 2.300000000000000000e+01 3.800000000000000000e+01
5.880000000000000000e+02 2.120000000000000000e+02 2.300000000000000000e+01 3.800000000000000000e+01
5.880000000000000000e+02 2.110000000000000000e+02 2.300000000000000000e+01 3.800000000000000000e+01
5.880000000000000000e+02 2.100000000000000000e+02 2.200000000000000000e+01 3.600000000000000000e+01
5.880000000000000000e+02 2.090000000000000000e+02 2.200000000000000000e+01 3.600000000000000000e+01
5.880000000000000000e+02 2.080000000000000000e+02 2.200000000000000000e+01 3.600000000000000000e+01
5.880000000000000000e+02 2.080000000000000000e+02 2.200000000000000000e+01 3.600000000000000000e+01
5.880000000000000000e+02 2.070000000000000000e+02 2.200000000000000000e+01 3.600000000000000000e+01
5.880000000000000000e+02 2.060000000000000000e+02 2.200000000000000000e+01 3.600000000000000000e+01
5.880000000000000000e+02 2.050000000000000000e+02 2.200000000000000000e+01 3.600000000000000000e+01
5.890000000000000000e+02 2.050000000000000000e+02 2.200000000000000000e+01 3.600000000000000000e+01
5.890000000000000000e+02 2.040000000000000000e+02 2.200000000000000000e+01 3.600000000000000000e+01
5.890000000000000000e+02 2.030000000000000000e+02 2.200000000000000000e+01 3.600000000000000000e+01
5.890000000000000000e+02 2.020000000000000000e+02 2.200000000000000000e+01 3.600000000000000000e+01
5.890000000000000000e+02 2.020000000000000000e+02 2.200000000000000000e+01 3.600000000000000000e+01
5.890000000000000000e+02 2.010000000000000000e+02 2.200000000000000000e+01 3.600000000000000000e+01
5.900000000000000000e+02 2.010000000000000000e+02 2.100000000000000000e+01 3.500000000000000000e+01
5.900000000000000000e+02 2.010000000000000000e+02 2.100000000000000000e+01 3.500000000000000000e+01
5.910000000000000000e+02 2.000000000000000000e+02 2.100000000000000000e+01 3.500000000000000000e+01
5.910000000000000000e+02 1.990000000000000000e+02 2.100000000000000000e+01 3.500000000000000000e+01
5.910000000000000000e+02 1.990000000000000000e+02 2.100000000000000000e+01 3.500000000000000000e+01
5.910000000000000000e+02 1.980000000000000000e+02 2.100000000000000000e+01 3.500000000000000000e+01
5.910000000000000000e+02 1.970000000000000000e+02 2.100000000000000000e+01 3.500000000000000000e+01
5.910000000000000000e+02 1.970000000000000000e+02 2.100000000000000000e+01 3.500000000000000000e+01
5.910000000000000000e+02 1.960000000000000000e+02 2.100000000000000000e+01 3.500000000000000000e+01
5.920000000000000000e+02 1.960000000000000000e+02 2.100000000000000000e+01 3.500000000000000000e+01
5.920000000000000000e+02 1.950000000000000000e+02 2.100000000000000000e+01 3.500000000000000000e+01
5.920000000000000000e+02 1.940000000000000000e+02 2.100000000000000000e+01 3.500000000000000000e+01
5.920000000000000000e+02 1.940000000000000000e+02 2.100000000000000000e+01 3.500000000000000000e+01
5.920000000000000000e+02 1.930000000000000000e+02 2.100000000000000000e+01 3.400000000000000000e+01
5.920000000000000000e+02 1.930000000000000000e+02 2.100000000000000000e+01 3.400000000000000000e+01
5.930000000000000000e+02 1.930000000000000000e+02 2.100000000000000000e+01 3.400000000000000000e+01
5.930000000000000000e+02 1.920000000000000000e+02 2.100000000000000000e+01 3.400000000000000000e+01
5.930000000000000000e+02 1.920000000000000000e+02 2.100000000000000000e+01 3.400000000000000000e+01
5.930000000000000000e+02 1.910000000000000000e+02 2.100000000000000000e+01 3.400000000000000000e+01
5.930000000000000000e+02 1.910000000000000000e+02 2.100000000000000000e+01 3.400000000000000000e+01
5.930000000000000000e+02 1.910000000000000000e+02 2.100000000000000000e+01 3.400000000000000000e+01
5.940000000000000000e+02 1.900000000000000000e+02 2.100000000000000000e+01 3.400000000000000000e+01
5.940000000000000000e+02 1.900000000000000000e+02 2.100000000000000000e+01 3.400000000000000000e+01
5.940000000000000000e+02 1.890000000000000000e+02 2.100000000000000000e+01 3.400000000000000000e+01
5.940000000000000000e+02 1.890000000000000000e+02 2.100000000000000000e+01 3.400000000000000000e+01
5.940000000000000000e+02 1.890000000000000000e+02 2.100000000000000000e+01 3.400000000000000000e+01
5.940000000000000000e+02 1.880000000000000000e+02 2.100000000000000000e+01 3.400000000000000000e+01
5.940000000000000000e+02 1.880000000000000000e+02 2.100000000000000000e+01 3.400000000000000000e+01
5.940000000000000000e+02 1.880000000000000000e+02 2.100000000000000000e+01 3.400000000000000000e+01
5.940000000000000000e+02 1.870000000000000000e+02 2.100000000000000000e+01 3.400000000000000000e+01
5.950000000000000000e+02 1.870000000000000000e+02 2.100000000000000000e+01 3.400000000000000000e+01
5.950000000000000000e+02 1.870000000000000000e+02 2.100000000000000000e+01 3.400000000000000000e+01
5.950000000000000000e+02 1.870000000000000000e+02 2.100000000000000000e+01 3.400000000000000000e+01
5.950000000000000000e+02 1.860000000000000000e+02 2.100000000000000000e+01 3.400000000000000000e+01
5.950000000000000000e+02 1.860000000000000000e+02 2.100000000000000000e+01 3.400000000000000000e+01
5.950000000000000000e+02 1.860000000000000000e+02 2.100000000000000000e+01 3.400000000000000000e+01
5.950000000000000000e+02 1.860000000000000000e+02 2.100000000000000000e+01 3.400000000000000000e+01
5.950000000000000000e+02 1.860000000000000000e+02 2.100000000000000000e+01 3.400000000000000000e+01
5.950000000000000000e+02 1.850000000000000000e+02 2.100000000000000000e+01 3.400000000000000000e+01
5.950000000000000000e+02 1.850000000000000000e+02 2.100000000000000000e+01 3.400000000000000000e+01
5.950000000000000000e+02 1.850000000000000000e+02 2.100000000000000000e+01 3.400000000000000000e+01
5.950000000000000000e+02 1.850000000000000000e+02 2.100000000000000000e+01 3.400000000000000000e+01
5.950000000000000000e+02 1.850000000000000000e+02 2.100000000000000000e+01 3.400000000000000000e+01
5.950000000000000000e+02 1.850000000000000000e+02 2.100000000000000000e+01 3.400000000000000000e+01
5.950000000000000000e+02 1.850000000000000000e+02 2.100000000000000000e+01 3.400000000000000000e+01
5.950000000000000000e+02 1.850000000000000000e+02 2.100000000000000000e+01 3.400000000000000000e+01
5.950000000000000000e+02 1.850000000000000000e+02 2.000000000000000000e+01 3.300000000000000000e+01
5.950000000000000000e+02 1.860000000000000000e+02 2.000000000000000000e+01 3.300000000000000000e+01
5.950000000000000000e+02 1.850000000000000000e+02 2.000000000000000000e+01 3.300000000000000000e+01
5.950000000000000000e+02 1.850000000000000000e+02 2.000000000000000000e+01 3.300000000000000000e+01
5.950000000000000000e+02 1.850000000000000000e+02 2.000000000000000000e+01 3.300000000000000000e+01
5.950000000000000000e+02 1.850000000000000000e+02 2.000000000000000000e+01 3.300000000000000000e+01
5.950000000000000000e+02 1.850000000000000000e+02 2.000000000000000000e+01 3.300000000000000000e+01
5.950000000000000000e+02 1.850000000000000000e+02 2.000000000000000000e+01 3.300000000000000000e+01
5.950000000000000000e+02 1.850000000000000000e+02 2.000000000000000000e+01 3.300000000000000000e+01
5.950000000000000000e+02 1.850000000000000000e+02 2.000000000000000000e+01 3.300000000000000000e+01
5.950000000000000000e+02 1.850000000000000000e+02 2.000000000000000000e+01 3.300000000000000000e+01
5.950000000000000000e+02 1.860000000000000000e+02 2.000000000000000000e+01 3.300000000000000000e+01
5.950000000000000000e+02 1.860000000000000000e+02 2.000000000000000000e+01 3.300000000000000000e+01
5.950000000000000000e+02 1.860000000000000000e+02 2.000000000000000000e+01 3.300000000000000000e+01
5.950000000000000000e+02 1.860000000000000000e+02 2.000000000000000000e+01 3.300000000000000000e+01
5.950000000000000000e+02 1.860000000000000000e+02 2.000000000000000000e+01 3.300000000000000000e+01
5.950000000000000000e+02 1.860000000000000000e+02 2.000000000000000000e+01 3.300000000000000000e+01
5.950000000000000000e+02 1.870000000000000000e+02 2.000000000000000000e+01 3.300000000000000000e+01
5.950000000000000000e+02 1.870000000000000000e+02 2.000000000000000000e+01 3.300000000000000000e+01
5.950000000000000000e+02 1.870000000000000000e+02 2.000000000000000000e+01 3.300000000000000000e+01
5.950000000000000000e+02 1.870000000000000000e+02 2.000000000000000000e+01 3.300000000000000000e+01
5.950000000000000000e+02 1.880000000000000000e+02 2.000000000000000000e+01 3.300000000000000000e+01
5.950000000000000000e+02 1.880000000000000000e+02 2.000000000000000000e+01 3.300000000000000000e+01
5.950000000000000000e+02 1.880000000000000000e+02 2.000000000000000000e+01 3.300000000000000000e+01
5.950000000000000000e+02 1.880000000000000000e+02 2.000000000000000000e+01 3.300000000000000000e+01
5.950000000000000000e+02 1.890000000000000000e+02 2.000000000000000000e+01 3.300000000000000000e+01
5.950000000000000000e+02 1.890000000000000000e+02 2.000000000000000000e+01 3.300000000000000000e+01
5.950000000000000000e+02 1.890000000000000000e+02 2.000000000000000000e+01 3.300000000000000000e+01
5.950000000000000000e+02 1.900000000000000000e+02 2.000000000000000000e+01 3.300000000000000000e+01
5.950000000000000000e+02 1.900000000000000000e+02 2.000000000000000000e+01 3.300000000000000000e+01
5.950000000000000000e+02 1.900000000000000000e+02 2.000000000000000000e+01 3.300000000000000000e+01
5.950000000000000000e+02 1.910000000000000000e+02 2.000000000000000000e+01 3.300000000000000000e+01
5.950000000000000000e+02 1.910000000000000000e+02 2.000000000000000000e+01 3.300000000000000000e+01
5.950000000000000000e+02 1.910000000000000000e+02 2.000000000000000000e+01 3.300000000000000000e+01
5.950000000000000000e+02 1.920000000000000000e+02 2.000000000000000000e+01 3.300000000000000000e+01
5.960000000000000000e+02 1.920000000000000000e+02 2.000000000000000000e+01 3.300000000000000000e+01
5.960000000000000000e+02 1.920000000000000000e+02 2.000000000000000000e+01 3.300000000000000000e+01
5.960000000000000000e+02 1.930000000000000000e+02 2.000000000000000000e+01 3.300000000000000000e+01
5.960000000000000000e+02 1.930000000000000000e+02 2.000000000000000000e+01 3.300000000000000000e+01
5.960000000000000000e+02 1.940000000000000000e+02 2.000000000000000000e+01 3.300000000000000000e+01
5.960000000000000000e+02 1.940000000000000000e+02 2.000000000000000000e+01 3.300000000000000000e+01
5.960000000000000000e+02 1.950000000000000000e+02 2.000000000000000000e+01 3.300000000000000000e+01
5.960000000000000000e+02 1.950000000000000000e+02 2.000000000000000000e+01 3.300000000000000000e+01
5.970000000000000000e+02 1.960000000000000000e+02 2.000000000000000000e+01 3.300000000000000000e+01
5.970000000000000000e+02 1.960000000000000000e+02 2.000000000000000000e+01 3.300000000000000000e+01
5.970000000000000000e+02 1.970000000000000000e+02 2.000000000000000000e+01 3.300000000000000000e+01
5.970000000000000000e+02 1.970000000000000000e+02 2.000000000000000000e+01 3.300000000000000000e+01
5.970000000000000000e+02 1.980000000000000000e+02 2.000000000000000000e+01 3.300000000000000000e+01
5.980000000000000000e+02 1.980000000000000000e+02 2.000000000000000000e+01 3.300000000000000000e+01
5.980000000000000000e+02 1.990000000000000000e+02 2.000000000000000000e+01 3.300000000000000000e+01
5.980000000000000000e+02 1.990000000000000000e+02 2.000000000000000000e+01 3.300000000000000000e+01
5.980000000000000000e+02 2.000000000000000000e+02 2.000000000000000000e+01 3.300000000000000000e+01
5.980000000000000000e+02 2.000000000000000000e+02 2.000000000000000000e+01 3.300000000000000000e+01
5.990000000000000000e+02 2.010000000000000000e+02 2.000000000000000000e+01 3.300000000000000000e+01
5.990000000000000000e+02 2.010000000000000000e+02 2.000000000000000000e+01 3.300000000000000000e+01
5.990000000000000000e+02 2.020000000000000000e+02 2.000000000000000000e+01 3.300000000000000000e+01
5.990000000000000000e+02 2.030000000000000000e+02 2.000000000000000000e+01 3.300000000000000000e+01
6.000000000000000000e+02 2.030000000000000000e+02 2.000000000000000000e+01 3.300000000000000000e+01
6.000000000000000000e+02 2.040000000000000000e+02 2.000000000000000000e+01 3.300000000000000000e+01
6.000000000000000000e+02 2.040000000000000000e+02 2.000000000000000000e+01 3.300000000000000000e+01
6.000000000000000000e+02 2.050000000000000000e+02 2.000000000000000000e+01 3.300000000000000000e+01
6.010000000000000000e+02 2.050000000000000000e+02 2.000000000000000000e+01 3.300000000000000000e+01
6.010000000000000000e+02 2.060000000000000000e+02 2.000000000000000000e+01 3.300000000000000000e+01
6.010000000000000000e+02 2.060000000000000000e+02 2.000000000000000000e+01 3.300000000000000000e+01
6.020000000000000000e+02 2.070000000000000000e+02 2.000000000000000000e+01 3.300000000000000000e+01
6.020000000000000000e+02 2.080000000000000000e+02 2.000000000000000000e+01 3.300000000000000000e+01
6.020000000000000000e+02 2.080000000000000000e+02 2.000000000000000000e+01 3.300000000000000000e+01
6.020000000000000000e+02 2.090000000000000000e+02 2.000000000000000000e+01 3.300000000000000000e+01
6.030000000000000000e+02 2.090000000000000000e+02 2.000000000000000000e+01 3.300000000000000000e+01
6.030000000000000000e+02 2.100000000000000000e+02 2.000000000000000000e+01 3.300000000000000000e+01
6.030000000000000000e+02 2.110000000000000000e+02 2.000000000000000000e+01 3.300000000000000000e+01
6.040000000000000000e+02 2.110000000000000000e+02 2.000000000000000000e+01 3.300000000000000000e+01
6.040000000000000000e+02 2.120000000000000000e+02 2.000000000000000000e+01 3.300000000000000000e+01
6.050000000000000000e+02 2.130000000000000000e+02 2.000000000000000000e+01 3.300000000000000000e+01
6.050000000000000000e+02 2.130000000000000000e+02 2.000000000000000000e+01 3.300000000000000000e+01
6.060000000000000000e+02 2.140000000000000000e+02 2.000000000000000000e+01 3.300000000000000000e+01
6.060000000000000000e+02 2.150000000000000000e+02 2.000000000000000000e+01 3.300000000000000000e+01
6.070000000000000000e+02 2.150000000000000000e+02 2.000000000000000000e+01 3.300000000000000000e+01
6.070000000000000000e+02 2.160000000000000000e+02 2.000000000000000000e+01 3.300000000000000000e+01
6.070000000000000000e+02 2.170000000000000000e+02 2.000000000000000000e+01 3.300000000000000000e+01
6.070000000000000000e+02 2.180000000000000000e+02 2.000000000000000000e+01 3.300000000000000000e+01
6.080000000000000000e+02 2.180000000000000000e+02 2.000000000000000000e+01 3.300000000000000000e+01
6.080000000000000000e+02 2.190000000000000000e+02 2.000000000000000000e+01 3.300000000000000000e+01
6.080000000000000000e+02 2.200000000000000000e+02 2.000000000000000000e+01 3.300000000000000000e+01
6.090000000000000000e+02 2.210000000000000000e+02 2.000000000000000000e+01 3.300000000000000000e+01
6.090000000000000000e+02 2.210000000000000000e+02 2.000000000000000000e+01 3.300000000000000000e+01
6.090000000000000000e+02 2.220000000000000000e+02 2.000000000000000000e+01 3.300000000000000000e+01
6.100000000000000000e+02 2.230000000000000000e+02 2.000000000000000000e+01 3.300000000000000000e+01
6.100000000000000000e+02 2.230000000000000000e+02 2.000000000000000000e+01 3.300000000000000000e+01
6.100000000000000000e+02 2.240000000000000000e+02 2.000000000000000000e+01 3.300000000000000000e+01
6.110000000000000000e+02 2.250000000000000000e+02 2.000000000000000000e+01 3.300000000000000000e+01
6.110000000000000000e+02 2.260000000000000000e+02 2.000000000000000000e+01 3.300000000000000000e+01
6.120000000000000000e+02 2.260000000000000000e+02 2.000000000000000000e+01 3.300000000000000000e+01
6.130000000000000000e+02 2.270000000000000000e+02 2.000000000000000000e+01 3.300000000000000000e+01
6.130000000000000000e+02 2.280000000000000000e+02 2.000000000000000000e+01 3.300000000000000000e+01
6.140000000000000000e+02 2.290000000000000000e+02 2.000000000000000000e+01 3.300000000000000000e+01
6.140000000000000000e+02 2.300000000000000000e+02 2.000000000000000000e+01 3.300000000000000000e+01
6.150000000000000000e+02 2.300000000000000000e+02 2.000000000000000000e+01 3.300000000000000000e+01
6.160000000000000000e+02 2.310000000000000000e+02 2.000000000000000000e+01 3.300000000000000000e+01
6.160000000000000000e+02 2.320000000000000000e+02 2.000000000000000000e+01 3.300000000000000000e+01
6.170000000000000000e+02 2.330000000000000000e+02 2.000000000000000000e+01 3.300000000000000000e+01
6.180000000000000000e+02 2.340000000000000000e+02 2.000000000000000000e+01 3.300000000000000000e+01
6.190000000000000000e+02 2.350000000000000000e+02 2.000000000000000000e+01 3.300000000000000000e+01
6.190000000000000000e+02 2.360000000000000000e+02 2.000000000000000000e+01 3.300000000000000000e+01
6.200000000000000000e+02 2.360000000000000000e+02 2.000000000000000000e+01 3.300000000000000000e+01
6.210000000000000000e+02 2.370000000000000000e+02 2.000000000000000000e+01 3.300000000000000000e+01
6.220000000000000000e+02 2.380000000000000000e+02 2.000000000000000000e+01 3.300000000000000000e+01
6.230000000000000000e+02 2.390000000000000000e+02 2.000000000000000000e+01 3.300000000000000000e+01
6.240000000000000000e+02 2.400000000000000000e+02 2.000000000000000000e+01 3.300000000000000000e+01
6.240000000000000000e+02 2.410000000000000000e+02 2.000000000000000000e+01 3.300000000000000000e+01
6.250000000000000000e+02 2.420000000000000000e+02 2.000000000000000000e+01 3.300000000000000000e+01
6.260000000000000000e+02 2.430000000000000000e+02 2.000000000000000000e+01 3.300000000000000000e+01
6.270000000000000000e+02 2.440000000000000000e+02 2.000000000000000000e+01 3.300000000000000000e+01
6.280000000000000000e+02 2.450000000000000000e+02 2.000000000000000000e+01 3.300000000000000000e+01
6.290000000000000000e+02 2.460000000000000000e+02 2.000000000000000000e+01 3.300000000000000000e+01
6.300000000000000000e+02 2.470000000000000000e+02 2.000000000000000000e+01 3.300000000000000000e+01
6.320000000000000000e+02 2.480000000000000000e+02 1.900000000000000000e+01 3.200000000000000000e+01
6.340000000000000000e+02 2.490000000000000000e+02 1.900000000000000000e+01 3.200000000000000000e+01
6.350000000000000000e+02 2.500000000000000000e+02 1.900000000000000000e+01 3.200000000000000000e+01
6.370000000000000000e+02 2.510000000000000000e+02 1.900000000000000000e+01 3.200000000000000000e+01
6.380000000000000000e+02 2.520000000000000000e+02 1.900000000000000000e+01 3.200000000000000000e+01
6.400000000000000000e+02 2.530000000000000000e+02 1.900000000000000000e+01 3.200000000000000000e+01
6.410000000000000000e+02 2.540000000000000000e+02 1.900000000000000000e+01 3.200000000000000000e+01
6.430000000000000000e+02 2.550000000000000000e+02 1.900000000000000000e+01 3.200000000000000000e+01
6.440000000000000000e+02 2.560000000000000000e+02 1.900000000000000000e+01 3.200000000000000000e+01
6.460000000000000000e+02 2.570000000000000000e+02 1.900000000000000000e+01 3.200000000000000000e+01
6.480000000000000000e+02 2.580000000000000000e+02 1.900000000000000000e+01 3.200000000000000000e+01
6.490000000000000000e+02 2.590000000000000000e+02 1.900000000000000000e+01 3.200000000000000000e+01
6.510000000000000000e+02 2.600000000000000000e+02 1.900000000000000000e+01 3.200000000000000000e+01
6.530000000000000000e+02 2.610000000000000000e+02 1.900000000000000000e+01 3.200000000000000000e+01
6.550000000000000000e+02 2.620000000000000000e+02 1.900000000000000000e+01 3.200000000000000000e+01
6.560000000000000000e+02 2.630000000000000000e+02 1.900000000000000000e+01 3.200000000000000000e+01
6.580000000000000000e+02 2.640000000000000000e+02 1.900000000000000000e+01 3.200000000000000000e+01
6.600000000000000000e+02 2.650000000000000000e+02 1.900000000000000000e+01 3.200000000000000000e+01
6.620000000000000000e+02 2.670000000000000000e+02 1.900000000000000000e+01 3.200000000000000000e+01
6.650000000000000000e+02 2.670000000000000000e+02 1.900000000000000000e+01 3.200000000000000000e+01
6.670000000000000000e+02 2.680000000000000000e+02 1.900000000000000000e+01 3.200000000000000000e+01
6.690000000000000000e+02 2.700000000000000000e+02 1.900000000000000000e+01 3.200000000000000000e+01
6.700000000000000000e+02 2.700000000000000000e+02 1.900000000000000000e+01 3.200000000000000000e+01
6.720000000000000000e+02 2.720000000000000000e+02 1.900000000000000000e+01 3.200000000000000000e+01
6.740000000000000000e+02 2.730000000000000000e+02 1.900000000000000000e+01 3.200000000000000000e+01
6.750000000000000000e+02 2.740000000000000000e+02 1.900000000000000000e+01 3.200000000000000000e+01
6.780000000000000000e+02 2.750000000000000000e+02 1.900000000000000000e+01 3.200000000000000000e+01
6.820000000000000000e+02 2.760000000000000000e+02 1.900000000000000000e+01 3.200000000000000000e+01
6.840000000000000000e+02 2.770000000000000000e+02 1.900000000000000000e+01 3.200000000000000000e+01
6.860000000000000000e+02 2.780000000000000000e+02 1.900000000000000000e+01 3.200000000000000000e+01
6.870000000000000000e+02 2.790000000000000000e+02 1.900000000000000000e+01 3.200000000000000000e+01
6.890000000000000000e+02 2.800000000000000000e+02 1.900000000000000000e+01 3.200000000000000000e+01
6.920000000000000000e+02 2.820000000000000000e+02 1.900000000000000000e+01 3.200000000000000000e+01
6.940000000000000000e+02 2.820000000000000000e+02 1.900000000000000000e+01 3.200000000000000000e+01
6.960000000000000000e+02 2.830000000000000000e+02 1.900000000000000000e+01 3.200000000000000000e+01
6.990000000000000000e+02 2.840000000000000000e+02 1.900000000000000000e+01 3.200000000000000000e+01
7.010000000000000000e+02 2.850000000000000000e+02 1.900000000000000000e+01 3.200000000000000000e+01
7.030000000000000000e+02 2.860000000000000000e+02 1.900000000000000000e+01 3.200000000000000000e+01
7.060000000000000000e+02 2.870000000000000000e+02 1.900000000000000000e+01 3.200000000000000000e+01
7.070000000000000000e+02 2.880000000000000000e+02 1.900000000000000000e+01 3.200000000000000000e+01
7.090000000000000000e+02 2.890000000000000000e+02 1.900000000000000000e+01 3.200000000000000000e+01
7.140000000000000000e+02 2.900000000000000000e+02 1.900000000000000000e+01 3.200000000000000000e+01
7.160000000000000000e+02 2.910000000000000000e+02 1.900000000000000000e+01 3.200000000000000000e+01
7.170000000000000000e+02 2.920000000000000000e+02 1.900000000000000000e+01 3.200000000000000000e+01
7.200000000000000000e+02 2.930000000000000000e+02 1.900000000000000000e+01 3.200000000000000000e+01
7.220000000000000000e+02 2.940000000000000000e+02 1.900000000000000000e+01 3.200000000000000000e+01
7.250000000000000000e+02 2.940000000000000000e+02 1.900000000000000000e+01 3.200000000000000000e+01
7.280000000000000000e+02 2.970000000000000000e+02 1.900000000000000000e+01 3.200000000000000000e+01
7.290000000000000000e+02 2.970000000000000000e+02 1.900000000000000000e+01 3.200000000000000000e+01
7.320000000000000000e+02 2.980000000000000000e+02 1.900000000000000000e+01 3.200000000000000000e+01
7.330000000000000000e+02 2.990000000000000000e+02 1.900000000000000000e+01 3.200000000000000000e+01
7.360000000000000000e+02 3.000000000000000000e+02 1.900000000000000000e+01 3.200000000000000000e+01
7.400000000000000000e+02 3.010000000000000000e+02 1.900000000000000000e+01 3.200000000000000000e+01
7.410000000000000000e+02 3.020000000000000000e+02 1.900000000000000000e+01 3.200000000000000000e+01
7.420000000000000000e+02 3.020000000000000000e+02 1.900000000000000000e+01 3.200000000000000000e+01
7.440000000000000000e+02 3.030000000000000000e+02 1.900000000000000000e+01 3.200000000000000000e+01
7.460000000000000000e+02 3.030000000000000000e+02 1.900000000000000000e+01 3.200000000000000000e+01
7.470000000000000000e+02 3.040000000000000000e+02 1.900000000000000000e+01 3.200000000000000000e+01
7.480000000000000000e+02 3.050000000000000000e+02 1.900000000000000000e+01 3.200000000000000000e+01
7.490000000000000000e+02 3.050000000000000000e+02 1.900000000000000000e+01 3.200000000000000000e+01
7.510000000000000000e+02 3.050000000000000000e+02 1.900000000000000000e+01 3.200000000000000000e+01
7.520000000000000000e+02 3.060000000000000000e+02 1.900000000000000000e+01 3.200000000000000000e+01
7.530000000000000000e+02 3.060000000000000000e+02 1.900000000000000000e+01 3.200000000000000000e+01
7.540000000000000000e+02 3.060000000000000000e+02 1.900000000000000000e+01 3.200000000000000000e+01
7.560000000000000000e+02 3.070000000000000000e+02 1.900000000000000000e+01 3.200000000000000000e+01
7.580000000000000000e+02 3.070000000000000000e+02 1.900000000000000000e+01 3.200000000000000000e+01
7.590000000000000000e+02 3.080000000000000000e+02 1.900000000000000000e+01 3.200000000000000000e+01
7.600000000000000000e+02 3.080000000000000000e+02 1.900000000000000000e+01 3.200000000000000000e+01
7.630000000000000000e+02 3.090000000000000000e+02 1.900000000000000000e+01 3.200000000000000000e+01
7.650000000000000000e+02 3.100000000000000000e+02 1.900000000000000000e+01 3.200000000000000000e+01
7.660000000000000000e+02 3.100000000000000000e+02 1.900000000000000000e+01 3.200000000000000000e+01
7.690000000000000000e+02 3.100000000000000000e+02 1.900000000000000000e+01 3.200000000000000000e+01
7.700000000000000000e+02 3.100000000000000000e+02 1.900000000000000000e+01 3.200000000000000000e+01
7.710000000000000000e+02 3.110000000000000000e+02 1.900000000000000000e+01 3.200000000000000000e+01
7.730000000000000000e+02 3.110000000000000000e+02 1.900000000000000000e+01 3.200000000000000000e+01
7.760000000000000000e+02 3.120000000000000000e+02 1.900000000000000000e+01 3.200000000000000000e+01
7.780000000000000000e+02 3.130000000000000000e+02 1.900000000000000000e+01 3.200000000000000000e+01
7.830000000000000000e+02 3.140000000000000000e+02 1.900000000000000000e+01 3.200000000000000000e+01
7.850000000000000000e+02 3.140000000000000000e+02 1.900000000000000000e+01 3.200000000000000000e+01
7.870000000000000000e+02 3.150000000000000000e+02 1.900000000000000000e+01 3.200000000000000000e+01
7.890000000000000000e+02 3.160000000000000000e+02 1.900000000000000000e+01 3.200000000000000000e+01
7.920000000000000000e+02 3.160000000000000000e+02 1.900000000000000000e+01 3.200000000000000000e+01
7.940000000000000000e+02 3.170000000000000000e+02 1.900000000000000000e+01 3.200000000000000000e+01
7.970000000000000000e+02 3.170000000000000000e+02 1.900000000000000000e+01 3.200000000000000000e+01
7.990000000000000000e+02 3.180000000000000000e+02 1.900000000000000000e+01 3.200000000000000000e+01
8.010000000000000000e+02 3.180000000000000000e+02 1.900000000000000000e+01 3.200000000000000000e+01
8.040000000000000000e+02 3.190000000000000000e+02 1.900000000000000000e+01 3.200000000000000000e+01
8.060000000000000000e+02 3.190000000000000000e+02 1.900000000000000000e+01 3.200000000000000000e+01
8.080000000000000000e+02 3.200000000000000000e+02 1.900000000000000000e+01 3.200000000000000000e+01
8.100000000000000000e+02 3.200000000000000000e+02 1.900000000000000000e+01 3.200000000000000000e+01
8.130000000000000000e+02 3.200000000000000000e+02 1.900000000000000000e+01 3.200000000000000000e+01
8.160000000000000000e+02 3.210000000000000000e+02 2.000000000000000000e+01 3.300000000000000000e+01
8.170000000000000000e+02 3.220000000000000000e+02 2.000000000000000000e+01 3.300000000000000000e+01
8.200000000000000000e+02 3.220000000000000000e+02 2.000000000000000000e+01 3.300000000000000000e+01
8.240000000000000000e+02 3.230000000000000000e+02 2.000000000000000000e+01 3.300000000000000000e+01
8.260000000000000000e+02 3.230000000000000000e+02 2.000000000000000000e+01 3.300000000000000000e+01
8.280000000000000000e+02 3.240000000000000000e+02 2.000000000000000000e+01 3.300000000000000000e+01
8.310000000000000000e+02 3.240000000000000000e+02 2.000000000000000000e+01 3.300000000000000000e+01
8.340000000000000000e+02 3.240000000000000000e+02 2.000000000000000000e+01 3.300000000000000000e+01
8.360000000000000000e+02 3.250000000000000000e+02 2.000000000000000000e+01 3.300000000000000000e+01
8.390000000000000000e+02 3.250000000000000000e+02 2.000000000000000000e+01 3.300000000000000000e+01
8.420000000000000000e+02 3.260000000000000000e+02 2.000000000000000000e+01 3.300000000000000000e+01
8.440000000000000000e+02 3.260000000000000000e+02 2.000000000000000000e+01 3.300000000000000000e+01
8.470000000000000000e+02 3.260000000000000000e+02 2.000000000000000000e+01 3.300000000000000000e+01
8.490000000000000000e+02 3.260000000000000000e+02 2.000000000000000000e+01 3.300000000000000000e+01
8.510000000000000000e+02 3.260000000000000000e+02 2.000000000000000000e+01 3.300000000000000000e+01
8.530000000000000000e+02 3.260000000000000000e+02 2.000000000000000000e+01 3.300000000000000000e+01
8.560000000000000000e+02 3.260000000000000000e+02 2.000000000000000000e+01 3.300000000000000000e+01
8.580000000000000000e+02 3.260000000000000000e+02 2.000000000000000000e+01 3.300000000000000000e+01
8.610000000000000000e+02 3.260000000000000000e+02 2.000000000000000000e+01 3.300000000000000000e+01
8.640000000000000000e+02 3.270000000000000000e+02 2.000000000000000000e+01 3.300000000000000000e+01
8.660000000000000000e+02 3.270000000000000000e+02 2.000000000000000000e+01 3.300000000000000000e+01
8.690000000000000000e+02 3.270000000000000000e+02 2.000000000000000000e+01 3.300000000000000000e+01
8.720000000000000000e+02 3.270000000000000000e+02 2.000000000000000000e+01 3.300000000000000000e+01
8.750000000000000000e+02 3.270000000000000000e+02 2.000000000000000000e+01 3.300000000000000000e+01
8.770000000000000000e+02 3.270000000000000000e+02 2.000000000000000000e+01 3.300000000000000000e+01
8.800000000000000000e+02 3.250000000000000000e+02 2.000000000000000000e+01 3.300000000000000000e+01
8.820000000000000000e+02 3.240000000000000000e+02 2.000000000000000000e+01 3.300000000000000000e+01
8.840000000000000000e+02 3.220000000000000000e+02 2.000000000000000000e+01 3.300000000000000000e+01
8.860000000000000000e+02 3.200000000000000000e+02 2.000000000000000000e+01 3.300000000000000000e+01
8.900000000000000000e+02 3.170000000000000000e+02 2.000000000000000000e+01 3.300000000000000000e+01
8.910000000000000000e+02 3.140000000000000000e+02 2.000000000000000000e+01 3.300000000000000000e+01
8.920000000000000000e+02 3.100000000000000000e+02 2.000000000000000000e+01 3.300000000000000000e+01
8.940000000000000000e+02 3.060000000000000000e+02 2.000000000000000000e+01 3.300000000000000000e+01
8.970000000000000000e+02 3.020000000000000000e+02 2.000000000000000000e+01 3.300000000000000000e+01
9.000000000000000000e+02 2.990000000000000000e+02 2.000000000000000000e+01 3.300000000000000000e+01
9.040000000000000000e+02 2.950000000000000000e+02 2.000000000000000000e+01 3.300000000000000000e+01
9.040000000000000000e+02 2.890000000000000000e+02 2.000000000000000000e+01 3.300000000000000000e+01
9.070000000000000000e+02 2.840000000000000000e+02 2.000000000000000000e+01 3.300000000000000000e+01
9.100000000000000000e+02 2.800000000000000000e+02 1.900000000000000000e+01 3.200000000000000000e+01
9.120000000000000000e+02 2.740000000000000000e+02 1.900000000000000000e+01 3.200000000000000000e+01
9.150000000000000000e+02 2.690000000000000000e+02 1.900000000000000000e+01 3.200000000000000000e+01
9.160000000000000000e+02 2.640000000000000000e+02 1.900000000000000000e+01 3.200000000000000000e+01
9.190000000000000000e+02 2.590000000000000000e+02 1.900000000000000000e+01 3.200000000000000000e+01
9.210000000000000000e+02 2.530000000000000000e+02 1.900000000000000000e+01 3.200000000000000000e+01
9.230000000000000000e+02 2.470000000000000000e+02 1.900000000000000000e+01 3.200000000000000000e+01
9.250000000000000000e+02 2.420000000000000000e+02 1.900000000000000000e+01 3.200000000000000000e+01
9.270000000000000000e+02 2.370000000000000000e+02 1.900000000000000000e+01 3.200000000000000000e+01
9.300000000000000000e+02 2.320000000000000000e+02 1.900000000000000000e+01 3.200000000000000000e+01
9.330000000000000000e+02 2.260000000000000000e+02 1.900000000000000000e+01 3.200000000000000000e+01
9.350000000000000000e+02 2.210000000000000000e+02 1.900000000000000000e+01 3.200000000000000000e+01
9.360000000000000000e+02 2.150000000000000000e+02 1.900000000000000000e+01 3.200000000000000000e+01
9.390000000000000000e+02 2.100000000000000000e+02 1.900000000000000000e+01 3.200000000000000000e+01
9.420000000000000000e+02 2.050000000000000000e+02 1.900000000000000000e+01 3.200000000000000000e+01
9.450000000000000000e+02 2.000000000000000000e+02 1.900000000000000000e+01 3.200000000000000000e+01
9.470000000000000000e+02 1.950000000000000000e+02 1.900000000000000000e+01 3.200000000000000000e+01
9.500000000000000000e+02 1.900000000000000000e+02 1.900000000000000000e+01 3.200000000000000000e+01
9.520000000000000000e+02 1.850000000000000000e+02 1.900000000000000000e+01 3.200000000000000000e+01
9.530000000000000000e+02 1.810000000000000000e+02 1.900000000000000000e+01 3.200000000000000000e+01
9.560000000000000000e+02 1.770000000000000000e+02 1.900000000000000000e+01 3.200000000000000000e+01
9.580000000000000000e+02 1.740000000000000000e+02 1.900000000000000000e+01 3.200000000000000000e+01
9.610000000000000000e+02 1.730000000000000000e+02 1.900000000000000000e+01 3.200000000000000000e+01
9.620000000000000000e+02 1.720000000000000000e+02 1.900000000000000000e+01 3.200000000000000000e+01
9.640000000000000000e+02 1.710000000000000000e+02 1.900000000000000000e+01 3.200000000000000000e+01
9.680000000000000000e+02 1.700000000000000000e+02 1.900000000000000000e+01 3.200000000000000000e+01
9.690000000000000000e+02 1.690000000000000000e+02 1.900000000000000000e+01 3.200000000000000000e+01
9.730000000000000000e+02 1.690000000000000000e+02 1.900000000000000000e+01 3.200000000000000000e+01
9.750000000000000000e+02 1.670000000000000000e+02 1.900000000000000000e+01 3.200000000000000000e+01
9.760000000000000000e+02 1.660000000000000000e+02 1.900000000000000000e+01 3.200000000000000000e+01
9.770000000000000000e+02 1.650000000000000000e+02 1.900000000000000000e+01 3.200000000000000000e+01
9.790000000000000000e+02 1.640000000000000000e+02 1.900000000000000000e+01 3.200000000000000000e+01
9.830000000000000000e+02 1.630000000000000000e+02 1.900000000000000000e+01 3.200000000000000000e+01
9.840000000000000000e+02 1.630000000000000000e+02 1.900000000000000000e+01 3.200000000000000000e+01
9.860000000000000000e+02 1.610000000000000000e+02 1.900000000000000000e+01 3.200000000000000000e+01
9.880000000000000000e+02 1.590000000000000000e+02 1.900000000000000000e+01 3.200000000000000000e+01
