5.300000000000000000e+02 4.790000000000000000e+02 2.200000000000000000e+01 6.000000000000000000e+01
5.300000000000000000e+02 4.740000000000000000e+02 2.200000000000000000e+01 6.000000000000000000e+01
5.300000000000000000e+02 4.690000000000000000e+02 2.200000000000000000e+01 6.000000000000000000e+01
5.300000000000000000e+02 4.640000000000000000e+02 2.200000000000000000e+01 6.000000000000000000e+01
5.300000000000000000e+02 4.580000000000000000e+02 2.200000000000000000e+01 6.000000000000000000e+01
5.300000000000000000e+02 4.530000000000000000e+02 2.200000000000000000e+01 6.000000000000000000e+01
5.300000000000000000e+02 4.480000000000000000e+02 2.200000000000000000e+01 6.000000000000000000e+01
5.300000000000000000e+02 4.430000000000000000e+02 2.200000000000000000e+01 6.000000000000000000e+01
5.300000000000000000e+02 4.380000000000000000e+02 2.200000000000000000e+01 6.000000000000000000e+01
5.300000000000000000e+02 4.330000000000000000e+02 2.200000000000000000e+01 6.000000000000000000e+01
5.300000000000000000e+02 4.280000000000000000e+02 2.200000000000000000e+01 6.000000000000000000e+01
5.300000000000000000e+02 4.230000000000000000e+02 2.200000000000000000e+01 6.000000000000000000e+01
5.300000000000000000e+02 4.180000000000000000e+02 2.200000000000000000e+01 6.000000000000000000e+01
5.300000000000000000e+02 4.130000000000000000e+02 2.200000000000000000e+01 6.000000000000000000e+01
5.300000000000000000e+02 4.080000000000000000e+02 2.200000000000000000e+01 6.000000000000000000e+01
5.300000000000000000e+02 4.030000000000000000e+02 2.200000000000000000e+01 6.000000000000000000e+01
5.300000000000000000e+02 3.980000000000000000e+02 2.200000000000000000e+01 6.000000000000000000e+01
5.300000000000000000e+02 3.930000000000000000e+02 2.200000000000000000e+01 6.000000000000000000e+01
5.300000000000000000e+02 3.880000000000000000e+02 2.200000000000000000e+01 6.000000000000000000e+01
5.300000000000000000e+02 3.830000000000000000e+02 2.200000000000000000e+01 6.000000000000000000e+01
5.300000000000000000e+02 3.770000000000000000e+02 2.200000000000000000e+01 6.000000000000000000e+01
5.300000000000000000e+02 3.730000000000000000e+02 2.200000000000000000e+01 6.000000000000000000e+01
5.300000000000000000e+02 3.670000000000000000e+02 2.200000000000000000e+01 6.000000000000000000e+01
5.300000000000000000e+02 3.630000000000000000e+02 2.200000000000000000e+01 6.000000000000000000e+01
5.300000000000000000e+02 3.580000000000000000e+02 2.200000000000000000e+01 6.000000000000000000e+01
5.300000000000000000e+02 3.520000000000000000e+02 2.200000000000000000e+01 6.000000000000000000e+01
5.300000000000000000e+02 3.480000000000000000e+02 2.200000000000000000e+01 6.000000000000000000e+01
5.300000000000000000e+02 3.420000000000000000e+02 2.200000000000000000e+01 6.000000000000000000e+01
5.300000000000000000e+02 3.370000000000000000e+02 2.200000000000000000e+01 6.000000000000000000e+01
5.300000000000000000e+02 3.320000000000000000e+02 2.200000000000000000e+01 6.000000000000000000e+01
5.300000000000000000e+02 3.270000000000000000e+02 2.200000000000000000e+01 6.000000000000000000e+01
5.300000000000000000e+02 3.220000000000000000e+02 2.200000000000000000e+01 6.000000000000000000e+01
5.300000000000000000e+02 3.170000000000000000e+02 2.200000000000000000e+01 6.000000000000000000e+01
5.300000000000000000e+02 3.120000000000000000e+02 2.200000000000000000e+01 6.000000000000000000e+01
5.300000000000000000e+02 3.070000000000000000e+02 2.200000000000000000e+01 6.000000000000000000e+01
5.300000000000000000e+02 3.020000000000000000e+02 2.200000000000000000e+01 6.000000000000000000e+01
5.300000000000000000e+02 2.970000000000000000e+02 2.200000000000000000e+01 6.000000000000000000e+01
5.300000000000000000e+02 2.920000000000000000e+02 2.200000000000000000e+01 6.000000000000000000e+01
5.300000000000000000e+02 2.870000000000000000e+02 2.200000000000000000e+01 6.000000000000000000e+01
5.300000000000000000e+02 2.820000000000000000e+02 2.200000000000000000e+01 6.000000000000000000e+01
5.300000000000000000e+02 2.760000000000000000e+02 2.200000000000000000e+01 6.000000000000000000e+01
5.300000000000000000e+02 2.710000000000000000e+02 2.200000000000000000e+01 6.000000000000000000e+01
5.300000000000000000e+02 2.660000000000000000e+02 2.200000000000000000e+01 6.000000000000000000e+01
5.300000000000000000e+02 2.610000000000000000e+02 2.200000000000000000e+01 6.000000000000000000e+01
5.290000000000000000e+02 2.560000000000000000e+02 2.200000000000000000e+01 6.000000000000000000e+01
5.290000000000000000e+02 2.510000000000000000e+02 2.200000000000000000e+01 6.000000000000000000e+01
5.290000000000000000e+02 2.450000000000000000e+02 2.200000000000000000e+01 6.000000000000000000e+01
5.290000000000000000e+02 2.400000000000000000e+02 2.200000000000000000e+01 6.000000000000000000e+01
5.290000000000000000e+02 2.350000000000000000e+02 2.200000000000000000e+01 6.000000000000000000e+01
5.290000000000000000e+02 2.300000000000000000e+02 2.200000000000000000e+01 6.000000000000000000e+01
5.280000000000000000e+02 2.240000000000000000e+02 2.200000000000000000e+01 6.100000000000000000e+01
5.270000000000000000e+02 2.180000000000000000e+02 2.200000000000000000e+01 6.100000000000000000e+01
5.270000000000000000e+02 2.130000000000000000e+02 2.200000000000000000e+01 6.100000000000000000e+01
5.270000000000000000e+02 2.080000000000000000e+02 2.200000000000000000e+01 6.100000000000000000e+01
5.270000000000000000e+02 2.030000000000000000e+02 2.200000000000000000e+01 6.100000000000000000e+01
5.270000000000000000e+02 2.000000000000000000e+02 2.200000000000000000e+01 6.100000000000000000e+01
5.270000000000000000e+02 1.960000000000000000e+02 2.200000000000000000e+01 6.100000000000000000e+01
5.270000000000000000e+02 1.930000000000000000e+02 2.200000000000000000e+01 6.100000000000000000e+01
5.260000000000000000e+02 1.910000000000000000e+02 2.200000000000000000e+01 6.100000000000000000e+01
5.260000000000000000e+02 1.890000000000000000e+02 2.200000000000000000e+01 6.100000000000000000e+01
5.260000000000000000e+02 1.870000000000000000e+02 2.200000000000000000e+01 6.100000000000000000e+01
5.260000000000000000e+02 1.860000000000000000e+02 2.200000000000000000e+01 6.100000000000000000e+01
5.250000000000000000e+02 1.840000000000000000e+02 2.200000000000000000e+01 6.100000000000000000e+01
5.250000000000000000e+02 1.820000000000000000e+02 2.200000000000000000e+01 6.100000000000000000e+01
5.250000000000000000e+02 1.800000000000000000e+02 2.200000000000000000e+01 6.100000000000000000e+01
5.250000000000000000e+02 1.780000000000000000e+02 2.200000000000000000e+01 6.100000000000000000e+01
5.250000000000000000e+02 1.770000000000000000e+02 2.200000000000000000e+01 6.100000000000000000e+01
5.250000000000000000e+02 1.750000000000000000e+02 2.200000000000000000e+01 6.100000000000000000e+01
5.240000000000000000e+02 1.730000000000000000e+02 2.200000000000000000e+01 6.100000000000000000e+01
5.240000000000000000e+02 1.720000000000000000e+02 2.200000000000000000e+01 6.100000000000000000e+01
5.240000000000000000e+02 1.700000000000000000e+02 2.200000000000000000e+01 6.100000000000000000e+01
5.240000000000000000e+02 1.680000000000000000e+02 2.200000000000000000e+01 6.100000000000000000e+01
5.240000000000000000e+02 1.660000000000000000e+02 2.200000000000000000e+01 6.100000000000000000e+01
5.240000000000000000e+02 1.640000000000000000e+02 2.200000000000000000e+01 6.100000000000000000e+01
5.240000000000000000e+02 1.630000000000000000e+02 2.200000000000000000e+01 6.100000000000000000e+01
5.240000000000000000e+02 1.610000000000000000e+02 2.200000000000000000e+01 6.100000000000000000e+01
5.240000000000000000e+02 1.590000000000000000e+02 2.200000000000000000e+01 6.100000000000000000e+01
5.240000000000000000e+02 1.570000000000000000e+02 2.200000000000000000e+01 6.100000000000000000e+01
5.230000000000000000e+02 1.550000000000000000e+02 2.200000000000000000e+01 6.100000000000000000e+01
5.230000000000000000e+02 1.530000000000000000e+02 2.200000000000000000e+01 6.100000000000000000e+01
5.230000000000000000e+02 1.510000000000000000e+02 2.200000000000000000e+01 6.000000000000000000e+01
5.230000000000000000e+02 1.500000000000000000e+02 2.200000000000000000e+01 6.000000000000000000e+01
5.230000000000000000e+02 1.480000000000000000e+02 2.200000000000000000e+01 6.000000000000000000e+01
5.230000000000000000e+02 1.460000000000000000e+02 2.200000000000000000e+01 6.000000000000000000e+01
5.240000000000000000e+02 1.440000000000000000e+02 2.200000000000000000e+01 6.000000000000000000e+01
5.240000000000000000e+02 1.420000000000000000e+02 2.200000000000000000e+01 6.000000000000000000e+01
5.250000000000000000e+02 1.400000000000000000e+02 2.200000000000000000e+01 6.000000000000000000e+01
5.250000000000000000e+02 1.390000000000000000e+02 2.200000000000000000e+01 6.000000000000000000e+01
5.270000000000000000e+02 1.370000000000000000e+02 2.200000000000000000e+01 6.000000000000000000e+01
5.280000000000000000e+02 1.350000000000000000e+02 2.200000000000000000e+01 6.000000000000000000e+01
5.300000000000000000e+02 1.340000000000000000e+02 2.100000000000000000e+01 5.800000000000000000e+01
5.310000000000000000e+02 1.320000000000000000e+02 2.100000000000000000e+01 5.800000000000000000e+01
5.330000000000000000e+02 1.310000000000000000e+02 2.100000000000000000e+01 5.800000000000000000e+01
5.350000000000000000e+02 1.290000000000000000e+02 2.100000000000000000e+01 5.800000000000000000e+01
5.370000000000000000e+02 1.270000000000000000e+02 2.100000000000000000e+01 5.800000000000000000e+01
5.380000000000000000e+02 1.260000000000000000e+02 2.100000000000000000e+01 5.800000000000000000e+01
5.410000000000000000e+02 1.240000000000000000e+02 2.100000000000000000e+01 5.800000000000000000e+01
5.420000000000000000e+02 1.220000000000000000e+02 2.100000000000000000e+01 5.800000000000000000e+01
5.450000000000000000e+02 1.210000000000000000e+02 2.100000000000000000e+01 5.800000000000000000e+01
5.470000000000000000e+02 1.190000000000000000e+02 2.100000000000000000e+01 5.800000000000000000e+01
5.500000000000000000e+02 1.180000000000000000e+02 2.100000000000000000e+01 5.800000000000000000e+01
5.520000000000000000e+02 1.170000000000000000e+02 2.000000000000000000e+01 5.600000000000000000e+01
5.550000000000000000e+02 1.160000000000000000e+02 2.000000000000000000e+01 5.600000000000000000e+01
5.580000000000000000e+02 1.140000000000000000e+02 2.000000000000000000e+01 5.600000000000000000e+01
5.620000000000000000e+02 1.130000000000000000e+02 2.000000000000000000e+01 5.600000000000000000e+01
5.650000000000000000e+02 1.120000000000000000e+02 2.000000000000000000e+01 5.600000000000000000e+01
5.680000000000000000e+02 1.110000000000000000e+02 2.000000000000000000e+01 5.600000000000000000e+01
5.720000000000000000e+02 1.100000000000000000e+02 2.000000000000000000e+01 5.600000000000000000e+01
5.750000000000000000e+02 1.090000000000000000e+02 2.000000000000000000e+01 5.600000000000000000e+01
5.790000000000000000e+02 1.080000000000000000e+02 2.000000000000000000e+01 5.600000000000000000e+01
5.820000000000000000e+02 1.080000000000000000e+02 2.000000000000000000e+01 5.400000000000000000e+01
5.860000000000000000e+02 1.070000000000000000e+02 2.000000000000000000e+01 5.400000000000000000e+01
5.900000000000000000e+02 1.060000000000000000e+02 2.000000000000000000e+01 5.400000000000000000e+01
5.940000000000000000e+02 1.050000000000000000e+02 2.000000000000000000e+01 5.400000000000000000e+01
5.980000000000000000e+02 1.050000000000000000e+02 2.000000000000000000e+01 5.400000000000000000e+01
6.030000000000000000e+02 1.050000000000000000e+02 1.900000000000000000e+01 5.300000000000000000e+01
6.080000000000000000e+02 1.050000000000000000e+02 1.900000000000000000e+01 5.300000000000000000e+01
6.120000000000000000e+02 1.040000000000000000e+02 1.900000000000000000e+01 5.300000000000000000e+01
6.160000000000000000e+02 1.040000000000000000e+02 1.900000000000000000e+01 5.300000000000000000e+01
6.210000000000000000e+02 1.040000000000000000e+02 1.900000000000000000e+01 5.300000000000000000e+01
6.250000000000000000e+02 1.040000000000000000e+02 1.900000000000000000e+01 5.300000000000000000e+01
6.300000000000000000e+02 1.030000000000000000e+02 1.900000000000000000e+01 5.300000000000000000e+01
6.340000000000000000e+02 1.040000000000000000e+02 1.800000000000000000e+01 5.100000000000000000e+01
6.390000000000000000e+02 1.040000000000000000e+02 1.800000000000000000e+01 5.100000000000000000e+01
6.440000000000000000e+02 1.040000000000000000e+02 1.800000000000000000e+01 5.100000000000000000e+01
6.480000000000000000e+02 1.040000000000000000e+02 1.800000000000000000e+01 5.100000000000000000e+01
6.530000000000000000e+02 1.050000000000000000e+02 1.800000000000000000e+01 5.100000000000000000e+01
6.580000000000000000e+02 1.050000000000000000e+02 1.800000000000000000e+01 5.100000000000000000e+01
6.620000000000000000e+02 1.050000000000000000e+02 1.800000000000000000e+01 5.100000000000000000e+01
6.660000000000000000e+02 1.050000000000000000e+02 1.800000000000000000e+01 5.000000000000000000e+01
6.710000000000000000e+02 1.050000000000000000e+02 1.800000000000000000e+01 5.000000000000000000e+01
6.750000000000000000e+02 1.060000000000000000e+02 1.800000000000000000e+01 5.000000000000000000e+01
6.800000000000000000e+02 1.060000000000000000e+02 1.800000000000000000e+01 5.000000000000000000e+01
6.840000000000000000e+02 1.070000000000000000e+02 1.800000000000000000e+01 5.000000000000000000e+01
6.890000000000000000e+02 1.070000000000000000e+02 1.800000000000000000e+01 5.000000000000000000e+01
6.940000000000000000e+02 1.080000000000000000e+02 1.800000000000000000e+01 5.000000000000000000e+01
6.990000000000000000e+02 1.080000000000000000e+02 1.800000000000000000e+01 5.000000000000000000e+01
7.050000000000000000e+02 1.100000000000000000e+02 1.700000000000000000e+01 4.800000000000000000e+01
7.090000000000000000e+02 1.110000000000000000e+02 1.700000000000000000e+01 4.800000000000000000e+01
7.140000000000000000e+02 1.120000000000000000e+02 1.700000000000000000e+01 4.800000000000000000e+01
7.190000000000000000e+02 1.120000000000000000e+02 1.700000000000000000e+01 4.800000000000000000e+01
7.230000000000000000e+02 1.140000000000000000e+02 1.700000000000000000e+01 4.700000000000000000e+01
7.280000000000000000e+02 1.150000000000000000e+02 1.700000000000000000e+01 4.700000000000000000e+01
7.320000000000000000e+02 1.160000000000000000e+02 1.600000000000000000e+01 4.500000000000000000e+01
7.370000000000000000e+02 1.170000000000000000e+02 1.600000000000000000e+01 4.500000000000000000e+01
7.410000000000000000e+02 1.170000000000000000e+02 1.600000000000000000e+01 4.500000000000000000e+01
7.460000000000000000e+02 1.180000000000000000e+02 1.600000000000000000e+01 4.500000000000000000e+01
7.500000000000000000e+02 1.180000000000000000e+02 1.600000000000000000e+01 4.500000000000000000e+01
7.540000000000000000e+02 1.170000000000000000e+02 1.600000000000000000e+01 4.500000000000000000e+01
7.580000000000000000e+02 1.150000000000000000e+02 1.600000000000000000e+01 4.400000000000000000e+01
7.620000000000000000e+02 1.130000000000000000e+02 1.600000000000000000e+01 4.400000000000000000e+01
7.660000000000000000e+02 1.110000000000000000e+02 1.600000000000000000e+01 4.400000000000000000e+01
7.720000000000000000e+02 1.100000000000000000e+02 1.500000000000000000e+01 4.300000000000000000e+01
7.760000000000000000e+02 1.080000000000000000e+02 1.500000000000000000e+01 4.300000000000000000e+01
7.810000000000000000e+02 1.050000000000000000e+02 1.500000000000000000e+01 4.300000000000000000e+01
7.860000000000000000e+02 1.030000000000000000e+02 1.500000000000000000e+01 4.300000000000000000e+01
7.910000000000000000e+02 1.010000000000000000e+02 1.500000000000000000e+01 4.300000000000000000e+01
7.960000000000000000e+02 9.900000000000000000e+01 1.500000000000000000e+01 4.300000000000000000e+01
8.010000000000000000e+02 9.800000000000000000e+01 1.500000000000000000e+01 4.300000000000000000e+01
8.060000000000000000e+02 9.600000000000000000e+01 1.500000000000000000e+01 4.300000000000000000e+01
8.110000000000000000e+02 9.400000000000000000e+01 1.500000000000000000e+01 4.300000000000000000e+01
8.160000000000000000e+02 9.300000000000000000e+01 1.500000000000000000e+01 4.300000000000000000e+01
8.210000000000000000e+02 9.100000000000000000e+01 1.500000000000000000e+01 4.300000000000000000e+01
8.260000000000000000e+02 8.900000000000000000e+01 1.500000000000000000e+01 4.300000000000000000e+01
8.310000000000000000e+02 8.800000000000000000e+01 1.500000000000000000e+01 4.300000000000000000e+01
8.370000000000000000e+02 8.700000000000000000e+01 1.500000000000000000e+01 4.200000000000000000e+01
8.430000000000000000e+02 8.400000000000000000e+01 1.500000000000000000e+01 4.200000000000000000e+01
8.480000000000000000e+02 8.300000000000000000e+01 1.500000000000000000e+01 4.200000000000000000e+01
8.530000000000000000e+02 8.200000000000000000e+01 1.500000000000000000e+01 4.200000000000000000e+01
8.580000000000000000e+02 8.000000000000000000e+01 1.500000000000000000e+01 4.200000000000000000e+01
8.630000000000000000e+02 7.900000000000000000e+01 1.500000000000000000e+01 4.200000000000000000e+01
8.690000000000000000e+02 7.800000000000000000e+01 1.500000000000000000e+01 4.200000000000000000e+01
8.740000000000000000e+02 7.600000000000000000e+01 1.500000000000000000e+01 4.200000000000000000e+01
8.790000000000000000e+02 7.500000000000000000e+01 1.500000000000000000e+01 4.200000000000000000e+01
8.840000000000000000e+02 7.300000000000000000e+01 1.500000000000000000e+01 4.200000000000000000e+01
8.890000000000000000e+02 7.200000000000000000e+01 1.500000000000000000e+01 4.200000000000000000e+01
8.940000000000000000e+02 7.100000000000000000e+01 1.500000000000000000e+01 4.200000000000000000e+01
9.000000000000000000e+02 7.000000000000000000e+01 1.500000000000000000e+01 4.200000000000000000e+01
9.050000000000000000e+02 6.900000000000000000e+01 1.500000000000000000e+01 4.200000000000000000e+01
9.100000000000000000e+02 6.700000000000000000e+01 1.500000000000000000e+01 4.200000000000000000e+01
9.150000000000000000e+02 6.600000000000000000e+01 1.500000000000000000e+01 4.200000000000000000e+01
9.200000000000000000e+02 6.600000000000000000e+01 1.400000000000000000e+01 4.000000000000000000e+01
9.250000000000000000e+02 6.500000000000000000e+01 1.400000000000000000e+01 4.000000000000000000e+01
9.290000000000000000e+02 6.400000000000000000e+01 1.400000000000000000e+01 4.000000000000000000e+01
9.340000000000000000e+02 6.200000000000000000e+01 1.400000000000000000e+01 4.000000000000000000e+01
9.390000000000000000e+02 6.100000000000000000e+01 1.400000000000000000e+01 4.000000000000000000e+01
9.440000000000000000e+02 6.000000000000000000e+01 1.400000000000000000e+01 4.000000000000000000e+01
9.490000000000000000e+02 5.800000000000000000e+01 1.400000000000000000e+01 4.000000000000000000e+01
9.530000000000000000e+02 5.700000000000000000e+01 1.400000000000000000e+01 4.000000000000000000e+01
9.570000000000000000e+02 5.600000000000000000e+01 1.400000000000000000e+01 3.900000000000000000e+01
9.610000000000000000e+02 5.400000000000000000e+01 1.400000000000000000e+01 3.900000000000000000e+01
9.650000000000000000e+02 5.200000000000000000e+01 1.400000000000000000e+01 3.900000000000000000e+01
9.690000000000000000e+02 5.000000000000000000e+01 1.400000000000000000e+01 3.900000000000000000e+01
9.720000000000000000e+02 4.800000000000000000e+01 1.400000000000000000e+01 3.900000000000000000e+01
9.760000000000000000e+02 4.600000000000000000e+01 1.400000000000000000e+01 3.900000000000000000e+01
9.800000000000000000e+02 4.400000000000000000e+01 1.400000000000000000e+01 3.900000000000000000e+01
9.840000000000000000e+02 4.200000000000000000e+01 1.400000000000000000e+01 3.900000000000000000e+01
9.870000000000000000e+02 4.000000000000000000e+01 1.400000000000000000e+01 3.900000000000000000e+01
9.910000000000000000e+02 3.800000000000000000e+01 1.400000000000000000e+01 3.900000000000000000e+01
9.940000000000000000e+02 3.700000000000000000e+01 1.400000000000000000e+01 3.900000000000000000e+01
