8.130000000000000000e+02 2.300000000000000000e+01 3.500000000000000000e+01 2.600000000000000000e+01
8.120000000000000000e+02 2.300000000000000000e+01 3.500000000000000000e+01 2.600000000000000000e+01
8.120000000000000000e+02 2.300000000000000000e+01 3.500000000000000000e+01 2.600000000000000000e+01
8.110000000000000000e+02 2.300000000000000000e+01 3.500000000000000000e+01 2.600000000000000000e+01
8.110000000000000000e+02 2.300000000000000000e+01 3.500000000000000000e+01 2.600000000000000000e+01
8.110000000000000000e+02 2.300000000000000000e+01 3.500000000000000000e+01 2.600000000000000000e+01
8.100000000000000000e+02 2.300000000000000000e+01 3.500000000000000000e+01 2.600000000000000000e+01
8.100000000000000000e+02 2.300000000000000000e+01 3.500000000000000000e+01 2.600000000000000000e+01
8.100000000000000000e+02 2.300000000000000000e+01 3.500000000000000000e+01 2.600000000000000000e+01
8.090000000000000000e+02 2.300000000000000000e+01 3.500000000000000000e+01 2.600000000000000000e+01
8.090000000000000000e+02 2.400000000000000000e+01 3.500000000000000000e+01 2.600000000000000000e+01
8.090000000000000000e+02 2.400000000000000000e+01 3.500000000000000000e+01 2.600000000000000000e+01
8.090000000000000000e+02 2.400000000000000000e+01 3.500000000000000000e+01 2.600000000000000000e+01
8.080000000000000000e+02 2.400000000000000000e+01 3.500000000000000000e+01 2.600000000000000000e+01
8.080000000000000000e+02 2.400000000000000000e+01 3.500000000000000000e+01 2.600000000000000000e+01
8.080000000000000000e+02 2.400000000000000000e+01 3.500000000000000000e+01 2.600000000000000000e+01
8.070000000000000000e+02 2.400000000000000000e+01 3.500000000000000000e+01 2.600000000000000000e+01
8.070000000000000000e+02 2.400000000000000000e+01 3.500000000000000000e+01 2.600000000000000000e+01
8.070000000000000000e+02 2.400000000000000000e+01 3.500000000000000000e+01 2.600000000000000000e+01
8.070000000000000000e+02 2.400000000000000000e+01 3.500000000000000000e+01 2.600000000000000000e+01
8.060000000000000000e+02 2.400000000000000000e+01 3.500000000000000000e+01 2.600000000000000000e+01
8.060000000000000000e+02 2.400000000000000000e+01 3.500000000000000000e+01 2.600000000000000000e+01
8.060000000000000000e+02 2.500000000000000000e+01 3.500000000000000000e+01 2.600000000000000000e+01
8.060000000000000000e+02 2.500000000000000000e+01 3.500000000000000000e+01 2.600000000000000000e+01
8.050000000000000000e+02 2.500000000000000000e+01 3.500000000000000000e+01 2.600000000000000000e+01
8.050000000000000000e+02 2.500000000000000000e+01 3.500000000000000000e+01 2.600000000000000000e+01
8.050000000000000000e+02 2.500000000000000000e+01 3.500000000000000000e+01 2.600000000000000000e+01
8.050000000000000000e+02 2.500000000000000000e+01 3.500000000000000000e+01 2.600000000000000000e+01
8.040000000000000000e+02 2.500000000000000000e+01 3.500000000000000000e+01 2.600000000000000000e+01
8.040000000000000000e+02 2.500000000000000000e+01 3.500000000000000000e+01 2.600000000000000000e+01
8.040000000000000000e+02 2.500000000000000000e+01 3.500000000000000000e+01 2.600000000000000000e+01
8.040000000000000000e+02 2.500000000000000000e+01 3.500000000000000000e+01 2.600000000000000000e+01
8.040000000000000000e+02 2.500000000000000000e+01 3.500000000000000000e+01 2.600000000000000000e+01
8.040000000000000000e+02 2.500000000000000000e+01 3.500000000000000000e+01 2.600000000000000000e+01
8.030000000000000000e+02 2.500000000000000000e+01 3.500000000000000000e+01 2.600000000000000000e+01
8.030000000000000000e+02 2.500000000000000000e+01 3.500000000000000000e+01 2.600000000000000000e+01
8.030000000000000000e+02 2.500000000000000000e+01 3.500000000000000000e+01 2.600000000000000000e+01
8.030000000000000000e+02 2.500000000000000000e+01 3.500000000000000000e+01 2.600000000000000000e+01
8.020000000000000000e+02 2.500000000000000000e+01 3.500000000000000000e+01 2.600000000000000000e+01
8.020000000000000000e+02 2.600000000000000000e+01 3.500000000000000000e+01 2.600000000000000000e+01
8.020000000000000000e+02 2.600000000000000000e+01 3.500000000000000000e+01 2.600000000000000000e+01
8.020000000000000000e+02 2.600000000000000000e+01 3.500000000000000000e+01 2.600000000000000000e+01
8.010000000000000000e+02 2.600000000000000000e+01 3.500000000000000000e+01 2.600000000000000000e+01
8.010000000000000000e+02 2.600000000000000000e+01 3.500000000000000000e+01 2.600000000000000000e+01
8.010000000000000000e+02 2.600000000000000000e+01 3.500000000000000000e+01 2.600000000000000000e+01
8.010000000000000000e+02 2.600000000000000000e+01 3.500000000000000000e+01 2.600000000000000000e+01
8.010000000000000000e+02 2.600000000000000000e+01 3.500000000000000000e+01 2.600000000000000000e+01
8.000000000000000000e+02 2.600000000000000000e+01 3.500000000000000000e+01 2.600000000000000000e+01
8.000000000000000000e+02 2.600000000000000000e+01 3.500000000000000000e+01 2.600000000000000000e+01
8.000000000000000000e+02 2.600000000000000000e+01 3.500000000000000000e+01 2.600000000000000000e+01
8.000000000000000000e+02 2.600000000000000000e+01 3.500000000000000000e+01 2.600000000000000000e+01
8.000000000000000000e+02 2.600000000000000000e+01 3.500000000000000000e+01 2.600000000000000000e+01
8.000000000000000000e+02 2.600000000000000000e+01 3.500000000000000000e+01 2.600000000000000000e+01
8.000000000000000000e+02 2.600000000000000000e+01 3.500000000000000000e+01 2.600000000000000000e+01
8.000000000000000000e+02 2.600000000000000000e+01 3.500000000000000000e+01 2.600000000000000000e+01
8.000000000000000000e+02 2.600000000000000000e+01 3.300000000000000000e+01 2.500000000000000000e+01
8.000000000000000000e+02 2.700000000000000000e+01 3.300000000000000000e+01 2.500000000000000000e+01
8.000000000000000000e+02 2.700000000000000000e+01 3.300000000000000000e+01 2.500000000000000000e+01
7.990000000000000000e+02 2.600000000000000000e+01 3.500000000000000000e+01 2.600000000000000000e+01
7.990000000000000000e+02 2.600000000000000000e+01 3.500000000000000000e+01 2.600000000000000000e+01
7.980000000000000000e+02 2.600000000000000000e+01 3.500000000000000000e+01 2.600000000000000000e+01
7.980000000000000000e+02 2.600000000000000000e+01 3.500000000000000000e+01 2.600000000000000000e+01
7.980000000000000000e+02 2.600000000000000000e+01 3.500000000000000000e+01 2.600000000000000000e+01
7.980000000000000000e+02 2.600000000000000000e+01 3.500000000000000000e+01 2.600000000000000000e+01
7.980000000000000000e+02 2.600000000000000000e+01 3.500000000000000000e+01 2.600000000000000000e+01
7.980000000000000000e+02 2.600000000000000000e+01 3.500000000000000000e+01 2.600000000000000000e+01
7.970000000000000000e+02 2.600000000000000000e+01 3.500000000000000000e+01 2.600000000000000000e+01
7.970000000000000000e+02 2.600000000000000000e+01 3.500000000000000000e+01 2.600000000000000000e+01
7.970000000000000000e+02 2.600000000000000000e+01 3.500000000000000000e+01 2.600000000000000000e+01
7.970000000000000000e+02 2.600000000000000000e+01 3.500000000000000000e+01 2.600000000000000000e+01
7.970000000000000000e+02 2.600000000000000000e+01 3.500000000000000000e+01 2.600000000000000000e+01
7.970000000000000000e+02 2.600000000000000000e+01 3.500000000000000000e+01 2.600000000000000000e+01
7.970000000000000000e+02 2.600000000000000000e+01 3.500000000000000000e+01 2.600000000000000000e+01
7.960000000000000000e+02 2.600000000000000000e+01 3.500000000000000000e+01 2.600000000000000000e+01
7.960000000000000000e+02 2.600000000000000000e+01 3.500000000000000000e+01 2.600000000000000000e+01
7.960000000000000000e+02 2.600000000000000000e+01 3.500000000000000000e+01 2.600000000000000000e+01
7.960000000000000000e+02 2.600000000000000000e+01 3.500000000000000000e+01 2.600000000000000000e+01
7.960000000000000000e+02 2.600000000000000000e+01 3.500000000000000000e+01 2.600000000000000000e+01
7.950000000000000000e+02 2.600000000000000000e+01 3.500000000000000000e+01 2.600000000000000000e+01
7.950000000000000000e+02 2.700000000000000000e+01 3.500000000000000000e+01 2.600000000000000000e+01
7.950000000000000000e+02 2.700000000000000000e+01 3.500000000000000000e+01 2.600000000000000000e+01
7.950000000000000000e+02 2.700000000000000000e+01 3.500000000000000000e+01 2.600000000000000000e+01
7.950000000000000000e+02 2.700000000000000000e+01 3.500000000000000000e+01 2.600000000000000000e+01
7.950000000000000000e+02 2.700000000000000000e+01 3.500000000000000000e+01 2.600000000000000000e+01
7.940000000000000000e+02 2.700000000000000000e+01 3.500000000000000000e+01 2.600000000000000000e+01
7.940000000000000000e+02 2.700000000000000000e+01 3.500000000000000000e+01 2.600000000000000000e+01
7.940000000000000000e+02 2.700000000000000000e+01 3.500000000000000000e+01 2.600000000000000000e+01
7.940000000000000000e+02 2.700000000000000000e+01 3.500000000000000000e+01 2.600000000000000000e+01
7.940000000000000000e+02 2.700000000000000000e+01 3.500000000000000000e+01 2.600000000000000000e+01
7.940000000000000000e+02 2.700000000000000000e+01 3.500000000000000000e+01 2.600000000000000000e+01
7.940000000000000000e+02 2.700000000000000000e+01 3.500000000000000000e+01 2.600000000000000000e+01
7.930000000000000000e+02 2.800000000000000000e+01 3.500000000000000000e+01 2.600000000000000000e+01
7.930000000000000000e+02 2.800000000000000000e+01 3.500000000000000000e+01 2.600000000000000000e+01
7.930000000000000000e+02 2.800000000000000000e+01 3.500000000000000000e+01 2.600000000000000000e+01
7.930000000000000000e+02 2.800000000000000000e+01 3.500000000000000000e+01 2.600000000000000000e+01
7.920000000000000000e+02 2.800000000000000000e+01 3.500000000000000000e+01 2.600000000000000000e+01
7.920000000000000000e+02 2.900000000000000000e+01 3.500000000000000000e+01 2.600000000000000000e+01
7.910000000000000000e+02 2.900000000000000000e+01 3.600000000000000000e+01 2.600000000000000000e+01
7.910000000000000000e+02 2.900000000000000000e+01 3.600000000000000000e+01 2.600000000000000000e+01
7.900000000000000000e+02 2.900000000000000000e+01 3.600000000000000000e+01 2.600000000000000000e+01
7.900000000000000000e+02 2.900000000000000000e+01 3.600000000000000000e+01 2.600000000000000000e+01
7.900000000000000000e+02 3.000000000000000000e+01 3.700000000000000000e+01 2.700000000000000000e+01
7.900000000000000000e+02 3.000000000000000000e+01 3.700000000000000000e+01 2.700000000000000000e+01
7.890000000000000000e+02 3.000000000000000000e+01 3.700000000000000000e+01 2.700000000000000000e+01
7.890000000000000000e+02 3.000000000000000000e+01 3.700000000000000000e+01 2.700000000000000000e+01
7.890000000000000000e+02 3.000000000000000000e+01 3.700000000000000000e+01 2.700000000000000000e+01
7.890000000000000000e+02 3.000000000000000000e+01 3.700000000000000000e+01 2.700000000000000000e+01
7.890000000000000000e+02 3.100000000000000000e+01 3.700000000000000000e+01 2.700000000000000000e+01
7.880000000000000000e+02 3.100000000000000000e+01 3.700000000000000000e+01 2.700000000000000000e+01
7.880000000000000000e+02 3.100000000000000000e+01 3.700000000000000000e+01 2.700000000000000000e+01
7.870000000000000000e+02 3.000000000000000000e+01 3.800000000000000000e+01 2.800000000000000000e+01
7.870000000000000000e+02 3.000000000000000000e+01 3.800000000000000000e+01 2.800000000000000000e+01
7.870000000000000000e+02 3.000000000000000000e+01 3.800000000000000000e+01 2.800000000000000000e+01
7.860000000000000000e+02 3.000000000000000000e+01 3.800000000000000000e+01 2.800000000000000000e+01
7.860000000000000000e+02 3.000000000000000000e+01 3.800000000000000000e+01 2.800000000000000000e+01
7.860000000000000000e+02 3.000000000000000000e+01 3.900000000000000000e+01 2.900000000000000000e+01
7.860000000000000000e+02 3.000000000000000000e+01 3.900000000000000000e+01 2.900000000000000000e+01
7.860000000000000000e+02 3.100000000000000000e+01 3.900000000000000000e+01 2.900000000000000000e+01
7.850000000000000000e+02 3.100000000000000000e+01 3.900000000000000000e+01 2.900000000000000000e+01
7.850000000000000000e+02 3.100000000000000000e+01 3.900000000000000000e+01 2.900000000000000000e+01
7.850000000000000000e+02 3.100000000000000000e+01 3.900000000000000000e+01 2.900000000000000000e+01
7.850000000000000000e+02 3.100000000000000000e+01 3.900000000000000000e+01 2.900000000000000000e+01
7.840000000000000000e+02 3.100000000000000000e+01 3.900000000000000000e+01 2.900000000000000000e+01
7.840000000000000000e+02 3.100000000000000000e+01 3.900000000000000000e+01 2.900000000000000000e+01
7.840000000000000000e+02 3.100000000000000000e+01 3.900000000000000000e+01 2.900000000000000000e+01
7.830000000000000000e+02 3.000000000000000000e+01 4.000000000000000000e+01 3.000000000000000000e+01
7.830000000000000000e+02 3.000000000000000000e+01 4.000000000000000000e+01 3.000000000000000000e+01
7.820000000000000000e+02 3.100000000000000000e+01 4.000000000000000000e+01 3.000000000000000000e+01
7.820000000000000000e+02 3.100000000000000000e+01 4.000000000000000000e+01 3.000000000000000000e+01
7.820000000000000000e+02 3.100000000000000000e+01 4.000000000000000000e+01 3.000000000000000000e+01
7.820000000000000000e+02 3.100000000000000000e+01 4.100000000000000000e+01 3.100000000000000000e+01
7.810000000000000000e+02 3.100000000000000000e+01 4.100000000000000000e+01 3.100000000000000000e+01
7.810000000000000000e+02 3.100000000000000000e+01 4.100000000000000000e+01 3.100000000000000000e+01
7.810000000000000000e+02 3.100000000000000000e+01 4.100000000000000000e+01 3.100000000000000000e+01
7.810000000000000000e+02 3.100000000000000000e+01 4.100000000000000000e+01 3.100000000000000000e+01
7.810000000000000000e+02 3.100000000000000000e+01 4.100000000000000000e+01 3.100000000000000000e+01
7.810000000000000000e+02 3.200000000000000000e+01 4.100000000000000000e+01 3.100000000000000000e+01
7.800000000000000000e+02 3.200000000000000000e+01 4.100000000000000000e+01 3.100000000000000000e+01
7.800000000000000000e+02 3.200000000000000000e+01 4.100000000000000000e+01 3.100000000000000000e+01
7.800000000000000000e+02 3.200000000000000000e+01 4.100000000000000000e+01 3.100000000000000000e+01
7.790000000000000000e+02 3.200000000000000000e+01 4.300000000000000000e+01 3.100000000000000000e+01
7.790000000000000000e+02 3.200000000000000000e+01 4.300000000000000000e+01 3.100000000000000000e+01
7.790000000000000000e+02 3.200000000000000000e+01 4.300000000000000000e+01 3.100000000000000000e+01
7.780000000000000000e+02 3.100000000000000000e+01 4.400000000000000000e+01 3.200000000000000000e+01
7.770000000000000000e+02 3.100000000000000000e+01 4.400000000000000000e+01 3.200000000000000000e+01
7.770000000000000000e+02 3.100000000000000000e+01 4.400000000000000000e+01 3.200000000000000000e+01
7.770000000000000000e+02 3.100000000000000000e+01 4.400000000000000000e+01 3.200000000000000000e+01
7.770000000000000000e+02 3.200000000000000000e+01 4.400000000000000000e+01 3.200000000000000000e+01
7.770000000000000000e+02 3.200000000000000000e+01 4.400000000000000000e+01 3.200000000000000000e+01
7.760000000000000000e+02 3.200000000000000000e+01 4.400000000000000000e+01 3.200000000000000000e+01
7.760000000000000000e+02 3.200000000000000000e+01 4.400000000000000000e+01 3.200000000000000000e+01
7.760000000000000000e+02 3.200000000000000000e+01 4.400000000000000000e+01 3.200000000000000000e+01
7.760000000000000000e+02 3.200000000000000000e+01 4.400000000000000000e+01 3.200000000000000000e+01
7.760000000000000000e+02 3.200000000000000000e+01 4.400000000000000000e+01 3.200000000000000000e+01
7.750000000000000000e+02 3.300000000000000000e+01 4.400000000000000000e+01 3.200000000000000000e+01
7.750000000000000000e+02 3.300000000000000000e+01 4.400000000000000000e+01 3.200000000000000000e+01
7.750000000000000000e+02 3.300000000000000000e+01 4.400000000000000000e+01 3.200000000000000000e+01
7.750000000000000000e+02 3.300000000000000000e+01 4.400000000000000000e+01 3.200000000000000000e+01
7.750000000000000000e+02 3.300000000000000000e+01 4.500000000000000000e+01 3.300000000000000000e+01
7.750000000000000000e+02 3.300000000000000000e+01 4.500000000000000000e+01 3.300000000000000000e+01
7.740000000000000000e+02 3.300000000000000000e+01 4.500000000000000000e+01 3.300000000000000000e+01
7.740000000000000000e+02 3.300000000000000000e+01 4.500000000000000000e+01 3.300000000000000000e+01
7.740000000000000000e+02 3.300000000000000000e+01 4.500000000000000000e+01 3.300000000000000000e+01
7.740000000000000000e+02 3.400000000000000000e+01 4.500000000000000000e+01 3.300000000000000000e+01
7.730000000000000000e+02 3.400000000000000000e+01 4.500000000000000000e+01 3.300000000000000000e+01
7.730000000000000000e+02 3.400000000000000000e+01 4.500000000000000000e+01 3.300000000000000000e+01
7.730000000000000000e+02 3.400000000000000000e+01 4.500000000000000000e+01 3.300000000000000000e+01
7.730000000000000000e+02 3.400000000000000000e+01 4.500000000000000000e+01 3.300000000000000000e+01
7.730000000000000000e+02 3.500000000000000000e+01 4.500000000000000000e+01 3.300000000000000000e+01
7.720000000000000000e+02 3.500000000000000000e+01 4.500000000000000000e+01 3.300000000000000000e+01
7.720000000000000000e+02 3.500000000000000000e+01 4.500000000000000000e+01 3.300000000000000000e+01
7.720000000000000000e+02 3.500000000000000000e+01 4.500000000000000000e+01 3.300000000000000000e+01
7.720000000000000000e+02 3.500000000000000000e+01 4.500000000000000000e+01 3.300000000000000000e+01
7.720000000000000000e+02 3.500000000000000000e+01 4.500000000000000000e+01 3.300000000000000000e+01
7.710000000000000000e+02 3.500000000000000000e+01 4.500000000000000000e+01 3.300000000000000000e+01
7.710000000000000000e+02 3.500000000000000000e+01 4.500000000000000000e+01 3.300000000000000000e+01
7.710000000000000000e+02 3.500000000000000000e+01 4.500000000000000000e+01 3.300000000000000000e+01
7.700000000000000000e+02 3.500000000000000000e+01 4.700000000000000000e+01 3.400000000000000000e+01
7.700000000000000000e+02 3.500000000000000000e+01 4.700000000000000000e+01 3.400000000000000000e+01
7.700000000000000000e+02 3.500000000000000000e+01 4.700000000000000000e+01 3.400000000000000000e+01
7.690000000000000000e+02 3.500000000000000000e+01 4.700000000000000000e+01 3.400000000000000000e+01
7.690000000000000000e+02 3.500000000000000000e+01 4.700000000000000000e+01 3.400000000000000000e+01
7.690000000000000000e+02 3.500000000000000000e+01 4.700000000000000000e+01 3.400000000000000000e+01
7.690000000000000000e+02 3.500000000000000000e+01 4.700000000000000000e+01 3.400000000000000000e+01
7.680000000000000000e+02 3.600000000000000000e+01 4.700000000000000000e+01 3.400000000000000000e+01
7.680000000000000000e+02 3.600000000000000000e+01 4.700000000000000000e+01 3.400000000000000000e+01
7.680000000000000000e+02 3.600000000000000000e+01 4.700000000000000000e+01 3.400000000000000000e+01
7.670000000000000000e+02 3.600000000000000000e+01 4.800000000000000000e+01 3.500000000000000000e+01
7.660000000000000000e+02 3.600000000000000000e+01 4.800000000000000000e+01 3.500000000000000000e+01
7.660000000000000000e+02 3.600000000000000000e+01 4.800000000000000000e+01 3.500000000000000000e+01
7.660000000000000000e+02 3.600000000000000000e+01 4.800000000000000000e+01 3.500000000000000000e+01
7.660000000000000000e+02 3.600000000000000000e+01 4.800000000000000000e+01 3.500000000000000000e+01
7.660000000000000000e+02 3.600000000000000000e+01 4.800000000000000000e+01 3.500000000000000000e+01
7.660000000000000000e+02 3.700000000000000000e+01 4.800000000000000000e+01 3.500000000000000000e+01
7.650000000000000000e+02 3.700000000000000000e+01 4.800000000000000000e+01 3.500000000000000000e+01
7.650000000000000000e+02 3.700000000000000000e+01 4.800000000000000000e+01 3.500000000000000000e+01
7.650000000000000000e+02 3.700000000000000000e+01 4.800000000000000000e+01 3.500000000000000000e+01
7.650000000000000000e+02 3.700000000000000000e+01 4.800000000000000000e+01 3.500000000000000000e+01
7.650000000000000000e+02 3.700000000000000000e+01 4.800000000000000000e+01 3.500000000000000000e+01
7.640000000000000000e+02 3.700000000000000000e+01 4.800000000000000000e+01 3.500000000000000000e+01
7.640000000000000000e+02 3.600000000000000000e+01 4.900000000000000000e+01 3.700000000000000000e+01
7.640000000000000000e+02 3.600000000000000000e+01 4.900000000000000000e+01 3.700000000000000000e+01
7.640000000000000000e+02 3.700000000000000000e+01 4.900000000000000000e+01 3.700000000000000000e+01
7.640000000000000000e+02 3.700000000000000000e+01 4.900000000000000000e+01 3.700000000000000000e+01
7.640000000000000000e+02 3.700000000000000000e+01 4.900000000000000000e+01 3.700000000000000000e+01
7.630000000000000000e+02 3.700000000000000000e+01 4.900000000000000000e+01 3.700000000000000000e+01
7.630000000000000000e+02 3.700000000000000000e+01 4.900000000000000000e+01 3.700000000000000000e+01
7.630000000000000000e+02 3.700000000000000000e+01 4.900000000000000000e+01 3.700000000000000000e+01
7.630000000000000000e+02 3.700000000000000000e+01 4.900000000000000000e+01 3.700000000000000000e+01
7.630000000000000000e+02 3.700000000000000000e+01 4.900000000000000000e+01 3.700000000000000000e+01
7.630000000000000000e+02 3.700000000000000000e+01 4.900000000000000000e+01 3.700000000000000000e+01
7.620000000000000000e+02 3.700000000000000000e+01 4.900000000000000000e+01 3.700000000000000000e+01
7.620000000000000000e+02 3.800000000000000000e+01 4.900000000000000000e+01 3.700000000000000000e+01
7.620000000000000000e+02 3.800000000000000000e+01 4.900000000000000000e+01 3.700000000000000000e+01
7.620000000000000000e+02 3.800000000000000000e+01 4.900000000000000000e+01 3.700000000000000000e+01
7.610000000000000000e+02 3.800000000000000000e+01 4.900000000000000000e+01 3.700000000000000000e+01
7.610000000000000000e+02 3.800000000000000000e+01 4.900000000000000000e+01 3.700000000000000000e+01
7.610000000000000000e+02 3.800000000000000000e+01 4.900000000000000000e+01 3.700000000000000000e+01
7.600000000000000000e+02 3.900000000000000000e+01 4.900000000000000000e+01 3.700000000000000000e+01
7.600000000000000000e+02 3.900000000000000000e+01 4.900000000000000000e+01 3.700000000000000000e+01
7.600000000000000000e+02 3.900000000000000000e+01 4.900000000000000000e+01 3.700000000000000000e+01
7.590000000000000000e+02 3.800000000000000000e+01 5.100000000000000000e+01 3.800000000000000000e+01
7.580000000000000000e+02 3.800000000000000000e+01 5.100000000000000000e+01 3.800000000000000000e+01
7.580000000000000000e+02 3.800000000000000000e+01 5.100000000000000000e+01 3.800000000000000000e+01
7.580000000000000000e+02 3.800000000000000000e+01 5.100000000000000000e+01 3.800000000000000000e+01
7.580000000000000000e+02 3.900000000000000000e+01 5.100000000000000000e+01 3.800000000000000000e+01
7.580000000000000000e+02 3.900000000000000000e+01 5.100000000000000000e+01 3.800000000000000000e+01
7.580000000000000000e+02 3.900000000000000000e+01 5.100000000000000000e+01 3.800000000000000000e+01
7.570000000000000000e+02 3.900000000000000000e+01 5.100000000000000000e+01 3.800000000000000000e+01
7.570000000000000000e+02 3.900000000000000000e+01 5.100000000000000000e+01 3.800000000000000000e+01
7.570000000000000000e+02 3.900000000000000000e+01 5.100000000000000000e+01 3.800000000000000000e+01
7.570000000000000000e+02 3.900000000000000000e+01 5.100000000000000000e+01 3.800000000000000000e+01
7.570000000000000000e+02 3.900000000000000000e+01 5.100000000000000000e+01 3.800000000000000000e+01
7.570000000000000000e+02 3.900000000000000000e+01 5.100000000000000000e+01 3.800000000000000000e+01
7.560000000000000000e+02 3.900000000000000000e+01 5.100000000000000000e+01 3.800000000000000000e+01
7.560000000000000000e+02 4.000000000000000000e+01 5.100000000000000000e+01 3.800000000000000000e+01
7.560000000000000000e+02 4.000000000000000000e+01 5.100000000000000000e+01 3.800000000000000000e+01
7.560000000000000000e+02 4.000000000000000000e+01 5.100000000000000000e+01 3.800000000000000000e+01
7.560000000000000000e+02 4.000000000000000000e+01 5.100000000000000000e+01 3.800000000000000000e+01
7.550000000000000000e+02 4.000000000000000000e+01 5.100000000000000000e+01 3.800000000000000000e+01
7.550000000000000000e+02 4.000000000000000000e+01 5.100000000000000000e+01 3.800000000000000000e+01
7.550000000000000000e+02 4.000000000000000000e+01 5.100000000000000000e+01 3.800000000000000000e+01
7.540000000000000000e+02 4.100000000000000000e+01 5.200000000000000000e+01 3.900000000000000000e+01
7.540000000000000000e+02 4.100000000000000000e+01 5.200000000000000000e+01 3.900000000000000000e+01
7.530000000000000000e+02 4.100000000000000000e+01 5.200000000000000000e+01 3.900000000000000000e+01
7.530000000000000000e+02 4.100000000000000000e+01 5.200000000000000000e+01 3.900000000000000000e+01
7.530000000000000000e+02 4.100000000000000000e+01 5.200000000000000000e+01 3.900000000000000000e+01
7.530000000000000000e+02 4.100000000000000000e+01 5.200000000000000000e+01 3.900000000000000000e+01
7.530000000000000000e+02 4.100000000000000000e+01 5.200000000000000000e+01 3.900000000000000000e+01
7.530000000000000000e+02 4.100000000000000000e+01 5.200000000000000000e+01 3.900000000000000000e+01
7.530000000000000000e+02 4.100000000000000000e+01 5.200000000000000000e+01 3.900000000000000000e+01
7.520000000000000000e+02 4.200000000000000000e+01 5.200000000000000000e+01 3.900000000000000000e+01
7.520000000000000000e+02 4.200000000000000000e+01 5.200000000000000000e+01 3.900000000000000000e+01
7.520000000000000000e+02 4.200000000000000000e+01 5.200000000000000000e+01 3.900000000000000000e+01
7.520000000000000000e+02 4.200000000000000000e+01 5.200000000000000000e+01 3.900000000000000000e+01
7.520000000000000000e+02 4.200000000000000000e+01 5.200000000000000000e+01 3.900000000000000000e+01
7.520000000000000000e+02 4.200000000000000000e+01 5.200000000000000000e+01 3.900000000000000000e+01
7.520000000000000000e+02 4.200000000000000000e+01 5.200000000000000000e+01 3.900000000000000000e+01
7.520000000000000000e+02 4.300000000000000000e+01 5.200000000000000000e+01 3.900000000000000000e+01
7.520000000000000000e+02 4.300000000000000000e+01 5.200000000000000000e+01 3.900000000000000000e+01
7.520000000000000000e+02 4.300000000000000000e+01 5.200000000000000000e+01 3.900000000000000000e+01
7.510000000000000000e+02 4.300000000000000000e+01 5.200000000000000000e+01 3.900000000000000000e+01
7.510000000000000000e+02 4.300000000000000000e+01 5.200000000000000000e+01 3.900000000000000000e+01
7.510000000000000000e+02 4.300000000000000000e+01 5.200000000000000000e+01 3.900000000000000000e+01
7.510000000000000000e+02 4.300000000000000000e+01 5.200000000000000000e+01 3.900000000000000000e+01
7.510000000000000000e+02 4.300000000000000000e+01 5.200000000000000000e+01 3.900000000000000000e+01
7.510000000000000000e+02 4.300000000000000000e+01 5.200000000000000000e+01 3.900000000000000000e+01
7.510000000000000000e+02 4.300000000000000000e+01 5.200000000000000000e+01 3.900000000000000000e+01
7.510000000000000000e+02 4.300000000000000000e+01 5.200000000000000000e+01 3.900000000000000000e+01
7.510000000000000000e+02 4.300000000000000000e+01 5.200000000000000000e+01 3.900000000000000000e+01
7.510000000000000000e+02 4.300000000000000000e+01 5.200000000000000000e+01 3.900000000000000000e+01
7.510000000000000000e+02 4.300000000000000000e+01 5.200000000000000000e+01 3.900000000000000000e+01
7.510000000000000000e+02 4.300000000000000000e+01 5.200000000000000000e+01 3.900000000000000000e+01
7.510000000000000000e+02 4.300000000000000000e+01 5.200000000000000000e+01 3.900000000000000000e+01
7.510000000000000000e+02 4.300000000000000000e+01 5.200000000000000000e+01 3.900000000000000000e+01
7.500000000000000000e+02 4.300000000000000000e+01 5.200000000000000000e+01 3.900000000000000000e+01
7.500000000000000000e+02 4.300000000000000000e+01 5.200000000000000000e+01 3.900000000000000000e+01
7.500000000000000000e+02 4.300000000000000000e+01 5.200000000000000000e+01 3.900000000000000000e+01
7.500000000000000000e+02 4.400000000000000000e+01 5.200000000000000000e+01 3.900000000000000000e+01
7.500000000000000000e+02 4.400000000000000000e+01 5.200000000000000000e+01 3.900000000000000000e+01
7.500000000000000000e+02 4.400000000000000000e+01 5.200000000000000000e+01 3.900000000000000000e+01
7.500000000000000000e+02 4.400000000000000000e+01 5.200000000000000000e+01 3.900000000000000000e+01
7.500000000000000000e+02 4.400000000000000000e+01 5.200000000000000000e+01 3.900000000000000000e+01
7.490000000000000000e+02 4.400000000000000000e+01 5.200000000000000000e+01 3.900000000000000000e+01
7.490000000000000000e+02 4.400000000000000000e+01 5.200000000000000000e+01 3.900000000000000000e+01
7.490000000000000000e+02 4.400000000000000000e+01 5.200000000000000000e+01 3.900000000000000000e+01
7.490000000000000000e+02 4.400000000000000000e+01 5.200000000000000000e+01 3.900000000000000000e+01
7.490000000000000000e+02 4.400000000000000000e+01 5.200000000000000000e+01 3.900000000000000000e+01
7.490000000000000000e+02 4.400000000000000000e+01 5.200000000000000000e+01 3.900000000000000000e+01
7.490000000000000000e+02 4.400000000000000000e+01 5.200000000000000000e+01 3.900000000000000000e+01
7.490000000000000000e+02 4.400000000000000000e+01 5.200000000000000000e+01 3.900000000000000000e+01
7.490000000000000000e+02 4.400000000000000000e+01 5.200000000000000000e+01 3.900000000000000000e+01
7.490000000000000000e+02 4.500000000000000000e+01 5.200000000000000000e+01 3.900000000000000000e+01
7.490000000000000000e+02 4.500000000000000000e+01 5.200000000000000000e+01 3.900000000000000000e+01
7.490000000000000000e+02 4.500000000000000000e+01 5.200000000000000000e+01 3.900000000000000000e+01
7.490000000000000000e+02 4.500000000000000000e+01 5.200000000000000000e+01 3.900000000000000000e+01
7.490000000000000000e+02 4.500000000000000000e+01 5.200000000000000000e+01 3.900000000000000000e+01
7.490000000000000000e+02 4.500000000000000000e+01 5.200000000000000000e+01 3.900000000000000000e+01
7.490000000000000000e+02 4.500000000000000000e+01 5.200000000000000000e+01 3.900000000000000000e+01
7.490000000000000000e+02 4.500000000000000000e+01 5.200000000000000000e+01 3.900000000000000000e+01
7.480000000000000000e+02 4.500000000000000000e+01 5.200000000000000000e+01 3.900000000000000000e+01
7.480000000000000000e+02 4.500000000000000000e+01 5.200000000000000000e+01 3.900000000000000000e+01
7.480000000000000000e+02 4.500000000000000000e+01 5.200000000000000000e+01 3.900000000000000000e+01
7.480000000000000000e+02 4.500000000000000000e+01 5.200000000000000000e+01 3.900000000000000000e+01
7.480000000000000000e+02 4.500000000000000000e+01 5.200000000000000000e+01 3.900000000000000000e+01
7.480000000000000000e+02 4.500000000000000000e+01 5.200000000000000000e+01 3.900000000000000000e+01
7.480000000000000000e+02 4.500000000000000000e+01 5.200000000000000000e+01 3.900000000000000000e+01
7.480000000000000000e+02 4.500000000000000000e+01 5.200000000000000000e+01 3.900000000000000000e+01
7.480000000000000000e+02 4.500000000000000000e+01 5.200000000000000000e+01 3.900000000000000000e+01
7.480000000000000000e+02 4.600000000000000000e+01 5.200000000000000000e+01 3.900000000000000000e+01
7.480000000000000000e+02 4.600000000000000000e+01 5.200000000000000000e+01 3.900000000000000000e+01
7.480000000000000000e+02 4.600000000000000000e+01 5.200000000000000000e+01 3.900000000000000000e+01
7.480000000000000000e+02 4.600000000000000000e+01 5.200000000000000000e+01 3.900000000000000000e+01
7.480000000000000000e+02 4.600000000000000000e+01 5.200000000000000000e+01 3.900000000000000000e+01
7.480000000000000000e+02 4.600000000000000000e+01 5.200000000000000000e+01 3.900000000000000000e+01
7.480000000000000000e+02 4.600000000000000000e+01 5.200000000000000000e+01 3.900000000000000000e+01
7.470000000000000000e+02 4.600000000000000000e+01 5.200000000000000000e+01 3.900000000000000000e+01
7.470000000000000000e+02 4.600000000000000000e+01 5.200000000000000000e+01 3.900000000000000000e+01
7.470000000000000000e+02 4.600000000000000000e+01 5.200000000000000000e+01 3.900000000000000000e+01
7.470000000000000000e+02 4.600000000000000000e+01 5.200000000000000000e+01 3.900000000000000000e+01
7.470000000000000000e+02 4.600000000000000000e+01 5.200000000000000000e+01 3.900000000000000000e+01
7.470000000000000000e+02 4.600000000000000000e+01 5.200000000000000000e+01 3.900000000000000000e+01
7.470000000000000000e+02 4.600000000000000000e+01 5.200000000000000000e+01 3.900000000000000000e+01
7.470000000000000000e+02 4.700000000000000000e+01 5.200000000000000000e+01 3.900000000000000000e+01
7.470000000000000000e+02 4.700000000000000000e+01 5.200000000000000000e+01 3.900000000000000000e+01
7.470000000000000000e+02 4.700000000000000000e+01 5.200000000000000000e+01 3.900000000000000000e+01
7.470000000000000000e+02 4.700000000000000000e+01 5.200000000000000000e+01 3.900000000000000000e+01
7.460000000000000000e+02 4.700000000000000000e+01 5.200000000000000000e+01 3.900000000000000000e+01
7.460000000000000000e+02 4.700000000000000000e+01 5.200000000000000000e+01 3.900000000000000000e+01
7.460000000000000000e+02 4.700000000000000000e+01 5.200000000000000000e+01 3.900000000000000000e+01
7.460000000000000000e+02 4.700000000000000000e+01 5.200000000000000000e+01 3.900000000000000000e+01
7.460000000000000000e+02 4.700000000000000000e+01 5.200000000000000000e+01 3.900000000000000000e+01
7.460000000000000000e+02 4.700000000000000000e+01 5.200000000000000000e+01 3.900000000000000000e+01
7.460000000000000000e+02 4.800000000000000000e+01 5.200000000000000000e+01 3.900000000000000000e+01
7.460000000000000000e+02 4.800000000000000000e+01 5.200000000000000000e+01 3.900000000000000000e+01
7.460000000000000000e+02 4.800000000000000000e+01 5.200000000000000000e+01 3.900000000000000000e+01
7.460000000000000000e+02 4.800000000000000000e+01 5.200000000000000000e+01 3.900000000000000000e+01
7.460000000000000000e+02 4.800000000000000000e+01 5.200000000000000000e+01 3.900000000000000000e+01
7.460000000000000000e+02 4.800000000000000000e+01 5.200000000000000000e+01 3.900000000000000000e+01
7.460000000000000000e+02 4.800000000000000000e+01 5.200000000000000000e+01 3.900000000000000000e+01
7.450000000000000000e+02 4.800000000000000000e+01 5.200000000000000000e+01 3.900000000000000000e+01
7.450000000000000000e+02 4.800000000000000000e+01 5.200000000000000000e+01 3.900000000000000000e+01
7.450000000000000000e+02 4.800000000000000000e+01 5.200000000000000000e+01 3.900000000000000000e+01
7.450000000000000000e+02 4.800000000000000000e+01 5.200000000000000000e+01 3.900000000000000000e+01
7.450000000000000000e+02 4.800000000000000000e+01 5.200000000000000000e+01 3.900000000000000000e+01
7.450000000000000000e+02 4.800000000000000000e+01 5.200000000000000000e+01 3.900000000000000000e+01
7.450000000000000000e+02 4.800000000000000000e+01 5.200000000000000000e+01 3.900000000000000000e+01
7.450000000000000000e+02 4.800000000000000000e+01 5.200000000000000000e+01 3.900000000000000000e+01
7.450000000000000000e+02 4.800000000000000000e+01 5.200000000000000000e+01 3.900000000000000000e+01
7.450000000000000000e+02 4.800000000000000000e+01 5.200000000000000000e+01 3.900000000000000000e+01
7.450000000000000000e+02 4.800000000000000000e+01 5.200000000000000000e+01 3.900000000000000000e+01
7.450000000000000000e+02 4.800000000000000000e+01 5.200000000000000000e+01 3.900000000000000000e+01
7.450000000000000000e+02 4.800000000000000000e+01 5.200000000000000000e+01 3.900000000000000000e+01
7.450000000000000000e+02 4.800000000000000000e+01 5.200000000000000000e+01 3.900000000000000000e+01
7.440000000000000000e+02 4.800000000000000000e+01 5.200000000000000000e+01 3.900000000000000000e+01
7.440000000000000000e+02 4.900000000000000000e+01 5.200000000000000000e+01 3.900000000000000000e+01
7.440000000000000000e+02 4.900000000000000000e+01 5.200000000000000000e+01 3.900000000000000000e+01
7.440000000000000000e+02 4.900000000000000000e+01 5.200000000000000000e+01 3.900000000000000000e+01
7.440000000000000000e+02 4.900000000000000000e+01 5.200000000000000000e+01 3.900000000000000000e+01
7.440000000000000000e+02 4.900000000000000000e+01 5.200000000000000000e+01 3.900000000000000000e+01
7.440000000000000000e+02 4.900000000000000000e+01 5.200000000000000000e+01 3.900000000000000000e+01
7.440000000000000000e+02 4.900000000000000000e+01 5.200000000000000000e+01 3.900000000000000000e+01
7.440000000000000000e+02 4.900000000000000000e+01 5.200000000000000000e+01 3.900000000000000000e+01
7.440000000000000000e+02 4.900000000000000000e+01 5.200000000000000000e+01 3.900000000000000000e+01
7.440000000000000000e+02 4.900000000000000000e+01 5.200000000000000000e+01 3.900000000000000000e+01
7.440000000000000000e+02 4.900000000000000000e+01 5.200000000000000000e+01 3.900000000000000000e+01
7.440000000000000000e+02 4.900000000000000000e+01 5.200000000000000000e+01 3.900000000000000000e+01
7.430000000000000000e+02 4.900000000000000000e+01 5.200000000000000000e+01 3.900000000000000000e+01
7.430000000000000000e+02 4.900000000000000000e+01 5.200000000000000000e+01 3.900000000000000000e+01
7.430000000000000000e+02 4.900000000000000000e+01 5.200000000000000000e+01 3.900000000000000000e+01
7.430000000000000000e+02 4.900000000000000000e+01 5.200000000000000000e+01 3.900000000000000000e+01
7.430000000000000000e+02 4.900000000000000000e+01 5.200000000000000000e+01 3.900000000000000000e+01
7.430000000000000000e+02 4.900000000000000000e+01 5.200000000000000000e+01 3.900000000000000000e+01
7.430000000000000000e+02 4.900000000000000000e+01 5.200000000000000000e+01 3.900000000000000000e+01
7.430000000000000000e+02 4.900000000000000000e+01 5.200000000000000000e+01 3.900000000000000000e+01
7.430000000000000000e+02 4.900000000000000000e+01 5.200000000000000000e+01 3.900000000000000000e+01
7.430000000000000000e+02 5.000000000000000000e+01 5.200000000000000000e+01 3.900000000000000000e+01
7.430000000000000000e+02 5.000000000000000000e+01 5.200000000000000000e+01 3.900000000000000000e+01
7.430000000000000000e+02 5.000000000000000000e+01 5.200000000000000000e+01 3.900000000000000000e+01
7.430000000000000000e+02 5.000000000000000000e+01 5.200000000000000000e+01 3.900000000000000000e+01
7.430000000000000000e+02 5.000000000000000000e+01 5.200000000000000000e+01 3.900000000000000000e+01
7.420000000000000000e+02 5.000000000000000000e+01 5.200000000000000000e+01 3.900000000000000000e+01
7.420000000000000000e+02 5.000000000000000000e+01 5.200000000000000000e+01 3.900000000000000000e+01
7.420000000000000000e+02 5.000000000000000000e+01 5.200000000000000000e+01 3.900000000000000000e+01
7.420000000000000000e+02 5.000000000000000000e+01 5.200000000000000000e+01 3.900000000000000000e+01
7.420000000000000000e+02 5.000000000000000000e+01 5.200000000000000000e+01 3.900000000000000000e+01
7.420000000000000000e+02 5.000000000000000000e+01 5.200000000000000000e+01 3.900000000000000000e+01
7.420000000000000000e+02 5.000000000000000000e+01 5.200000000000000000e+01 3.900000000000000000e+01
7.420000000000000000e+02 5.000000000000000000e+01 5.200000000000000000e+01 3.900000000000000000e+01
7.420000000000000000e+02 5.000000000000000000e+01 5.200000000000000000e+01 3.900000000000000000e+01
7.420000000000000000e+02 5.000000000000000000e+01 5.200000000000000000e+01 3.900000000000000000e+01
7.420000000000000000e+02 5.000000000000000000e+01 5.200000000000000000e+01 3.900000000000000000e+01
7.420000000000000000e+02 5.000000000000000000e+01 5.200000000000000000e+01 3.900000000000000000e+01
7.420000000000000000e+02 5.000000000000000000e+01 5.200000000000000000e+01 3.900000000000000000e+01
7.410000000000000000e+02 5.100000000000000000e+01 5.200000000000000000e+01 3.900000000000000000e+01
7.410000000000000000e+02 5.100000000000000000e+01 5.200000000000000000e+01 3.900000000000000000e+01
7.410000000000000000e+02 5.100000000000000000e+01 5.200000000000000000e+01 3.900000000000000000e+01
7.410000000000000000e+02 5.100000000000000000e+01 5.200000000000000000e+01 3.900000000000000000e+01
7.410000000000000000e+02 5.100000000000000000e+01 5.200000000000000000e+01 3.900000000000000000e+01
7.410000000000000000e+02 5.100000000000000000e+01 5.200000000000000000e+01 3.900000000000000000e+01
7.410000000000000000e+02 5.100000000000000000e+01 5.200000000000000000e+01 3.900000000000000000e+01
7.410000000000000000e+02 5.100000000000000000e+01 5.200000000000000000e+01 3.900000000000000000e+01
7.410000000000000000e+02 5.100000000000000000e+01 5.200000000000000000e+01 3.900000000000000000e+01
7.410000000000000000e+02 5.100000000000000000e+01 5.200000000000000000e+01 3.900000000000000000e+01
7.410000000000000000e+02 5.100000000000000000e+01 5.200000000000000000e+01 3.900000000000000000e+01
7.400000000000000000e+02 5.100000000000000000e+01 5.200000000000000000e+01 3.900000000000000000e+01
7.400000000000000000e+02 5.100000000000000000e+01 5.200000000000000000e+01 3.900000000000000000e+01
7.400000000000000000e+02 5.100000000000000000e+01 5.200000000000000000e+01 3.900000000000000000e+01
7.400000000000000000e+02 5.100000000000000000e+01 5.200000000000000000e+01 3.900000000000000000e+01
7.400000000000000000e+02 5.100000000000000000e+01 5.200000000000000000e+01 3.900000000000000000e+01
7.400000000000000000e+02 5.100000000000000000e+01 5.200000000000000000e+01 3.900000000000000000e+01
7.400000000000000000e+02 5.100000000000000000e+01 5.200000000000000000e+01 3.900000000000000000e+01
7.390000000000000000e+02 5.100000000000000000e+01 5.200000000000000000e+01 3.900000000000000000e+01
7.390000000000000000e+02 5.100000000000000000e+01 5.200000000000000000e+01 3.900000000000000000e+01
7.390000000000000000e+02 5.100000000000000000e+01 5.200000000000000000e+01 3.900000000000000000e+01
7.390000000000000000e+02 5.100000000000000000e+01 5.200000000000000000e+01 3.900000000000000000e+01
7.390000000000000000e+02 5.200000000000000000e+01 5.200000000000000000e+01 3.900000000000000000e+01
7.390000000000000000e+02 5.200000000000000000e+01 5.200000000000000000e+01 3.900000000000000000e+01
7.390000000000000000e+02 5.200000000000000000e+01 5.200000000000000000e+01 3.900000000000000000e+01
7.390000000000000000e+02 5.200000000000000000e+01 5.200000000000000000e+01 3.900000000000000000e+01
7.390000000000000000e+02 5.200000000000000000e+01 5.200000000000000000e+01 3.900000000000000000e+01
7.390000000000000000e+02 5.200000000000000000e+01 5.200000000000000000e+01 3.900000000000000000e+01
7.390000000000000000e+02 5.200000000000000000e+01 5.200000000000000000e+01 3.900000000000000000e+01
7.390000000000000000e+02 5.200000000000000000e+01 5.200000000000000000e+01 3.900000000000000000e+01
7.390000000000000000e+02 5.200000000000000000e+01 5.200000000000000000e+01 3.900000000000000000e+01
7.390000000000000000e+02 5.200000000000000000e+01 5.200000000000000000e+01 3.900000000000000000e+01
7.380000000000000000e+02 5.200000000000000000e+01 5.200000000000000000e+01 3.900000000000000000e+01
7.380000000000000000e+02 5.200000000000000000e+01 5.200000000000000000e+01 3.900000000000000000e+01
7.380000000000000000e+02 5.200000000000000000e+01 5.200000000000000000e+01 3.900000000000000000e+01
7.380000000000000000e+02 5.200000000000000000e+01 5.200000000000000000e+01 3.900000000000000000e+01
7.380000000000000000e+02 5.200000000000000000e+01 5.200000000000000000e+01 3.900000000000000000e+01
7.380000000000000000e+02 5.200000000000000000e+01 5.200000000000000000e+01 3.900000000000000000e+01
7.380000000000000000e+02 5.200000000000000000e+01 5.200000000000000000e+01 3.900000000000000000e+01
7.380000000000000000e+02 5.200000000000000000e+01 5.200000000000000000e+01 3.900000000000000000e+01
7.380000000000000000e+02 5.200000000000000000e+01 5.200000000000000000e+01 3.900000000000000000e+01
7.380000000000000000e+02 5.200000000000000000e+01 5.200000000000000000e+01 3.900000000000000000e+01
7.370000000000000000e+02 5.200000000000000000e+01 5.200000000000000000e+01 3.900000000000000000e+01
7.370000000000000000e+02 5.200000000000000000e+01 5.200000000000000000e+01 3.900000000000000000e+01
7.370000000000000000e+02 5.200000000000000000e+01 5.200000000000000000e+01 3.900000000000000000e+01
7.370000000000000000e+02 5.200000000000000000e+01 5.200000000000000000e+01 3.900000000000000000e+01
7.370000000000000000e+02 5.200000000000000000e+01 5.200000000000000000e+01 3.900000000000000000e+01
7.370000000000000000e+02 5.200000000000000000e+01 5.200000000000000000e+01 3.900000000000000000e+01
7.370000000000000000e+02 5.200000000000000000e+01 5.200000000000000000e+01 3.900000000000000000e+01
7.370000000000000000e+02 5.200000000000000000e+01 5.200000000000000000e+01 3.900000000000000000e+01
7.370000000000000000e+02 5.200000000000000000e+01 5.200000000000000000e+01 3.900000000000000000e+01
7.370000000000000000e+02 5.200000000000000000e+01 5.200000000000000000e+01 3.900000000000000000e+01
7.370000000000000000e+02 5.200000000000000000e+01 5.200000000000000000e+01 3.900000000000000000e+01
7.370000000000000000e+02 5.200000000000000000e+01 5.200000000000000000e+01 3.900000000000000000e+01
7.370000000000000000e+02 5.200000000000000000e+01 5.200000000000000000e+01 3.900000000000000000e+01
7.360000000000000000e+02 5.200000000000000000e+01 5.200000000000000000e+01 3.900000000000000000e+01
7.360000000000000000e+02 5.200000000000000000e+01 5.200000000000000000e+01 3.900000000000000000e+01
7.360000000000000000e+02 5.200000000000000000e+01 5.200000000000000000e+01 3.900000000000000000e+01
7.360000000000000000e+02 5.200000000000000000e+01 5.200000000000000000e+01 3.900000000000000000e+01
7.360000000000000000e+02 5.200000000000000000e+01 5.200000000000000000e+01 3.900000000000000000e+01
7.360000000000000000e+02 5.200000000000000000e+01 5.200000000000000000e+01 3.900000000000000000e+01
7.360000000000000000e+02 5.200000000000000000e+01 5.200000000000000000e+01 3.900000000000000000e+01
7.360000000000000000e+02 5.200000000000000000e+01 5.200000000000000000e+01 3.900000000000000000e+01
7.360000000000000000e+02 5.300000000000000000e+01 5.200000000000000000e+01 3.900000000000000000e+01
7.360000000000000000e+02 5.300000000000000000e+01 5.200000000000000000e+01 3.900000000000000000e+01
7.360000000000000000e+02 5.300000000000000000e+01 5.200000000000000000e+01 3.900000000000000000e+01
7.360000000000000000e+02 5.300000000000000000e+01 5.200000000000000000e+01 3.900000000000000000e+01
7.360000000000000000e+02 5.300000000000000000e+01 5.200000000000000000e+01 3.900000000000000000e+01
7.360000000000000000e+02 5.300000000000000000e+01 5.200000000000000000e+01 3.900000000000000000e+01
7.360000000000000000e+02 5.300000000000000000e+01 5.200000000000000000e+01 3.900000000000000000e+01
7.360000000000000000e+02 5.300000000000000000e+01 5.200000000000000000e+01 3.900000000000000000e+01
7.350000000000000000e+02 5.300000000000000000e+01 5.200000000000000000e+01 3.900000000000000000e+01
7.350000000000000000e+02 5.300000000000000000e+01 5.200000000000000000e+01 3.900000000000000000e+01
7.350000000000000000e+02 5.300000000000000000e+01 5.200000000000000000e+01 3.900000000000000000e+01
7.350000000000000000e+02 5.300000000000000000e+01 5.200000000000000000e+01 3.900000000000000000e+01
7.350000000000000000e+02 5.300000000000000000e+01 5.200000000000000000e+01 3.900000000000000000e+01
7.350000000000000000e+02 5.300000000000000000e+01 5.200000000000000000e+01 3.900000000000000000e+01
7.350000000000000000e+02 5.300000000000000000e+01 5.200000000000000000e+01 3.900000000000000000e+01
7.350000000000000000e+02 5.300000000000000000e+01 5.200000000000000000e+01 3.900000000000000000e+01
7.350000000000000000e+02 5.300000000000000000e+01 5.200000000000000000e+01 3.900000000000000000e+01
7.350000000000000000e+02 5.300000000000000000e+01 5.200000000000000000e+01 3.900000000000000000e+01
7.350000000000000000e+02 5.300000000000000000e+01 5.200000000000000000e+01 3.900000000000000000e+01
7.350000000000000000e+02 5.300000000000000000e+01 5.200000000000000000e+01 3.900000000000000000e+01
7.350000000000000000e+02 5.300000000000000000e+01 5.200000000000000000e+01 3.900000000000000000e+01
7.350000000000000000e+02 5.400000000000000000e+01 5.200000000000000000e+01 3.900000000000000000e+01
7.350000000000000000e+02 5.400000000000000000e+01 5.200000000000000000e+01 3.900000000000000000e+01
7.340000000000000000e+02 5.400000000000000000e+01 5.200000000000000000e+01 3.900000000000000000e+01
7.340000000000000000e+02 5.400000000000000000e+01 5.200000000000000000e+01 3.900000000000000000e+01
7.340000000000000000e+02 5.400000000000000000e+01 5.200000000000000000e+01 3.900000000000000000e+01
7.340000000000000000e+02 5.400000000000000000e+01 5.200000000000000000e+01 3.900000000000000000e+01
7.340000000000000000e+02 5.400000000000000000e+01 5.200000000000000000e+01 3.900000000000000000e+01
7.340000000000000000e+02 5.400000000000000000e+01 5.200000000000000000e+01 3.900000000000000000e+01
7.340000000000000000e+02 5.400000000000000000e+01 5.200000000000000000e+01 3.900000000000000000e+01
7.340000000000000000e+02 5.400000000000000000e+01 5.200000000000000000e+01 3.900000000000000000e+01
7.340000000000000000e+02 5.400000000000000000e+01 5.200000000000000000e+01 3.900000000000000000e+01
7.340000000000000000e+02 5.400000000000000000e+01 5.200000000000000000e+01 3.900000000000000000e+01
7.340000000000000000e+02 5.400000000000000000e+01 5.200000000000000000e+01 3.900000000000000000e+01
7.340000000000000000e+02 5.400000000000000000e+01 5.200000000000000000e+01 3.900000000000000000e+01
7.340000000000000000e+02 5.400000000000000000e+01 5.200000000000000000e+01 3.900000000000000000e+01
7.340000000000000000e+02 5.400000000000000000e+01 5.200000000000000000e+01 3.900000000000000000e+01
7.330000000000000000e+02 5.400000000000000000e+01 5.200000000000000000e+01 3.900000000000000000e+01
7.330000000000000000e+02 5.400000000000000000e+01 5.200000000000000000e+01 3.900000000000000000e+01
7.330000000000000000e+02 5.400000000000000000e+01 5.200000000000000000e+01 3.900000000000000000e+01
7.330000000000000000e+02 5.400000000000000000e+01 5.200000000000000000e+01 3.900000000000000000e+01
7.330000000000000000e+02 5.400000000000000000e+01 5.200000000000000000e+01 3.900000000000000000e+01
7.330000000000000000e+02 5.400000000000000000e+01 5.200000000000000000e+01 3.900000000000000000e+01
7.330000000000000000e+02 5.400000000000000000e+01 5.200000000000000000e+01 3.900000000000000000e+01
7.330000000000000000e+02 5.400000000000000000e+01 5.200000000000000000e+01 3.900000000000000000e+01
7.330000000000000000e+02 5.500000000000000000e+01 5.200000000000000000e+01 3.900000000000000000e+01
7.330000000000000000e+02 5.500000000000000000e+01 5.200000000000000000e+01 3.900000000000000000e+01
7.330000000000000000e+02 5.500000000000000000e+01 5.200000000000000000e+01 3.900000000000000000e+01
7.330000000000000000e+02 5.500000000000000000e+01 5.200000000000000000e+01 3.900000000000000000e+01
7.330000000000000000e+02 5.500000000000000000e+01 5.200000000000000000e+01 3.900000000000000000e+01
7.330000000000000000e+02 5.500000000000000000e+01 5.200000000000000000e+01 3.900000000000000000e+01
7.330000000000000000e+02 5.500000000000000000e+01 5.200000000000000000e+01 3.900000000000000000e+01
7.320000000000000000e+02 5.500000000000000000e+01 5.200000000000000000e+01 3.900000000000000000e+01
7.320000000000000000e+02 5.500000000000000000e+01 5.200000000000000000e+01 3.900000000000000000e+01
7.320000000000000000e+02 5.500000000000000000e+01 5.200000000000000000e+01 3.900000000000000000e+01
7.320000000000000000e+02 5.500000000000000000e+01 5.200000000000000000e+01 3.900000000000000000e+01
7.320000000000000000e+02 5.500000000000000000e+01 5.200000000000000000e+01 3.900000000000000000e+01
7.320000000000000000e+02 5.500000000000000000e+01 5.200000000000000000e+01 3.900000000000000000e+01
7.320000000000000000e+02 5.500000000000000000e+01 5.200000000000000000e+01 3.900000000000000000e+01
7.320000000000000000e+02 5.500000000000000000e+01 5.200000000000000000e+01 3.900000000000000000e+01
7.320000000000000000e+02 5.500000000000000000e+01 5.200000000000000000e+01 3.900000000000000000e+01
7.320000000000000000e+02 5.500000000000000000e+01 5.200000000000000000e+01 3.900000000000000000e+01
7.320000000000000000e+02 5.500000000000000000e+01 5.200000000000000000e+01 3.900000000000000000e+01
7.320000000000000000e+02 5.500000000000000000e+01 5.200000000000000000e+01 3.900000000000000000e+01
7.320000000000000000e+02 5.500000000000000000e+01 5.200000000000000000e+01 3.900000000000000000e+01
7.320000000000000000e+02 5.500000000000000000e+01 5.200000000000000000e+01 3.900000000000000000e+01
7.320000000000000000e+02 5.500000000000000000e+01 5.200000000000000000e+01 3.900000000000000000e+01
7.320000000000000000e+02 5.500000000000000000e+01 5.200000000000000000e+01 3.900000000000000000e+01
7.320000000000000000e+02 5.500000000000000000e+01 5.200000000000000000e+01 3.900000000000000000e+01
7.320000000000000000e+02 5.500000000000000000e+01 5.200000000000000000e+01 3.900000000000000000e+01
7.320000000000000000e+02 5.500000000000000000e+01 5.200000000000000000e+01 3.900000000000000000e+01
7.310000000000000000e+02 5.500000000000000000e+01 5.200000000000000000e+01 3.900000000000000000e+01
7.310000000000000000e+02 5.600000000000000000e+01 5.200000000000000000e+01 3.900000000000000000e+01
7.310000000000000000e+02 5.600000000000000000e+01 5.200000000000000000e+01 3.900000000000000000e+01
7.310000000000000000e+02 5.600000000000000000e+01 5.200000000000000000e+01 3.900000000000000000e+01
7.310000000000000000e+02 5.600000000000000000e+01 5.200000000000000000e+01 3.900000000000000000e+01
7.310000000000000000e+02 5.600000000000000000e+01 5.200000000000000000e+01 3.900000000000000000e+01
7.310000000000000000e+02 5.600000000000000000e+01 5.200000000000000000e+01 3.900000000000000000e+01
7.310000000000000000e+02 5.600000000000000000e+01 5.200000000000000000e+01 3.900000000000000000e+01
7.310000000000000000e+02 5.600000000000000000e+01 5.200000000000000000e+01 3.900000000000000000e+01
7.310000000000000000e+02 5.600000000000000000e+01 5.200000000000000000e+01 3.900000000000000000e+01
7.310000000000000000e+02 5.600000000000000000e+01 5.200000000000000000e+01 3.900000000000000000e+01
7.310000000000000000e+02 5.600000000000000000e+01 5.200000000000000000e+01 3.900000000000000000e+01
7.310000000000000000e+02 5.600000000000000000e+01 5.200000000000000000e+01 3.900000000000000000e+01
7.310000000000000000e+02 5.600000000000000000e+01 5.200000000000000000e+01 3.900000000000000000e+01
7.310000000000000000e+02 5.600000000000000000e+01 5.200000000000000000e+01 3.900000000000000000e+01
7.310000000000000000e+02 5.600000000000000000e+01 5.200000000000000000e+01 3.900000000000000000e+01
7.310000000000000000e+02 5.600000000000000000e+01 5.200000000000000000e+01 3.900000000000000000e+01
7.310000000000000000e+02 5.600000000000000000e+01 5.200000000000000000e+01 3.900000000000000000e+01
7.310000000000000000e+02 5.600000000000000000e+01 5.200000000000000000e+01 3.900000000000000000e+01
7.310000000000000000e+02 5.600000000000000000e+01 5.200000000000000000e+01 3.900000000000000000e+01
7.320000000000000000e+02 5.600000000000000000e+01 5.200000000000000000e+01 3.900000000000000000e+01
7.320000000000000000e+02 5.600000000000000000e+01 5.200000000000000000e+01 3.900000000000000000e+01
7.320000000000000000e+02 5.600000000000000000e+01 5.200000000000000000e+01 3.900000000000000000e+01
7.320000000000000000e+02 5.600000000000000000e+01 5.200000000000000000e+01 3.900000000000000000e+01
7.320000000000000000e+02 5.700000000000000000e+01 5.200000000000000000e+01 3.900000000000000000e+01
7.330000000000000000e+02 5.700000000000000000e+01 5.200000000000000000e+01 3.900000000000000000e+01
7.330000000000000000e+02 5.700000000000000000e+01 5.200000000000000000e+01 3.900000000000000000e+01
7.330000000000000000e+02 5.700000000000000000e+01 5.200000000000000000e+01 3.900000000000000000e+01
7.340000000000000000e+02 5.700000000000000000e+01 5.200000000000000000e+01 3.900000000000000000e+01
7.340000000000000000e+02 5.700000000000000000e+01 5.200000000000000000e+01 3.900000000000000000e+01
7.340000000000000000e+02 5.700000000000000000e+01 5.200000000000000000e+01 3.900000000000000000e+01
7.350000000000000000e+02 5.700000000000000000e+01 5.200000000000000000e+01 3.900000000000000000e+01
7.350000000000000000e+02 5.700000000000000000e+01 5.200000000000000000e+01 3.900000000000000000e+01
7.360000000000000000e+02 5.700000000000000000e+01 5.200000000000000000e+01 3.900000000000000000e+01
7.360000000000000000e+02 5.700000000000000000e+01 5.200000000000000000e+01 3.900000000000000000e+01
7.370000000000000000e+02 5.800000000000000000e+01 5.200000000000000000e+01 3.900000000000000000e+01
7.370000000000000000e+02 5.800000000000000000e+01 5.200000000000000000e+01 3.900000000000000000e+01
7.380000000000000000e+02 5.800000000000000000e+01 5.200000000000000000e+01 3.900000000000000000e+01
7.380000000000000000e+02 5.800000000000000000e+01 5.200000000000000000e+01 3.900000000000000000e+01
7.390000000000000000e+02 5.800000000000000000e+01 5.200000000000000000e+01 3.900000000000000000e+01
7.390000000000000000e+02 5.800000000000000000e+01 5.200000000000000000e+01 3.900000000000000000e+01
7.400000000000000000e+02 5.800000000000000000e+01 5.200000000000000000e+01 3.900000000000000000e+01
7.400000000000000000e+02 5.800000000000000000e+01 5.200000000000000000e+01 3.900000000000000000e+01
7.410000000000000000e+02 5.900000000000000000e+01 5.200000000000000000e+01 3.900000000000000000e+01
7.410000000000000000e+02 5.900000000000000000e+01 5.200000000000000000e+01 3.900000000000000000e+01
7.420000000000000000e+02 5.900000000000000000e+01 5.200000000000000000e+01 3.900000000000000000e+01
7.420000000000000000e+02 5.900000000000000000e+01 5.200000000000000000e+01 3.900000000000000000e+01
7.430000000000000000e+02 5.900000000000000000e+01 5.200000000000000000e+01 3.900000000000000000e+01
7.430000000000000000e+02 5.900000000000000000e+01 5.200000000000000000e+01 3.900000000000000000e+01
7.440000000000000000e+02 5.900000000000000000e+01 5.200000000000000000e+01 3.900000000000000000e+01
7.440000000000000000e+02 5.900000000000000000e+01 5.200000000000000000e+01 3.900000000000000000e+01
7.450000000000000000e+02 5.900000000000000000e+01 5.200000000000000000e+01 3.900000000000000000e+01
7.450000000000000000e+02 6.000000000000000000e+01 5.200000000000000000e+01 3.900000000000000000e+01
7.460000000000000000e+02 6.000000000000000000e+01 5.200000000000000000e+01 3.900000000000000000e+01
7.460000000000000000e+02 6.000000000000000000e+01 5.200000000000000000e+01 3.900000000000000000e+01
7.470000000000000000e+02 6.000000000000000000e+01 5.200000000000000000e+01 3.900000000000000000e+01
7.470000000000000000e+02 6.000000000000000000e+01 5.200000000000000000e+01 3.900000000000000000e+01
7.480000000000000000e+02 6.000000000000000000e+01 5.200000000000000000e+01 3.900000000000000000e+01
7.490000000000000000e+02 6.000000000000000000e+01 5.200000000000000000e+01 3.900000000000000000e+01
7.490000000000000000e+02 6.000000000000000000e+01 5.200000000000000000e+01 3.900000000000000000e+01
7.500000000000000000e+02 6.000000000000000000e+01 5.200000000000000000e+01 3.900000000000000000e+01
7.500000000000000000e+02 6.100000000000000000e+01 5.200000000000000000e+01 3.900000000000000000e+01
7.510000000000000000e+02 6.100000000000000000e+01 5.200000000000000000e+01 3.900000000000000000e+01
7.520000000000000000e+02 6.100000000000000000e+01 5.200000000000000000e+01 3.900000000000000000e+01
7.520000000000000000e+02 6.100000000000000000e+01 5.200000000000000000e+01 3.900000000000000000e+01
7.530000000000000000e+02 6.100000000000000000e+01 5.200000000000000000e+01 3.900000000000000000e+01
7.540000000000000000e+02 6.100000000000000000e+01 5.200000000000000000e+01 3.900000000000000000e+01
7.550000000000000000e+02 6.100000000000000000e+01 5.200000000000000000e+01 3.900000000000000000e+01
7.560000000000000000e+02 6.200000000000000000e+01 5.200000000000000000e+01 3.900000000000000000e+01
7.560000000000000000e+02 6.200000000000000000e+01 5.200000000000000000e+01 3.900000000000000000e+01
7.570000000000000000e+02 6.200000000000000000e+01 5.200000000000000000e+01 3.900000000000000000e+01
7.580000000000000000e+02 6.200000000000000000e+01 5.200000000000000000e+01 3.900000000000000000e+01
7.590000000000000000e+02 6.200000000000000000e+01 5.200000000000000000e+01 3.900000000000000000e+01
7.600000000000000000e+02 6.200000000000000000e+01 5.200000000000000000e+01 3.900000000000000000e+01
7.610000000000000000e+02 6.200000000000000000e+01 5.200000000000000000e+01 3.900000000000000000e+01
7.620000000000000000e+02 6.200000000000000000e+01 5.200000000000000000e+01 3.900000000000000000e+01
7.630000000000000000e+02 6.300000000000000000e+01 5.200000000000000000e+01 3.900000000000000000e+01
7.630000000000000000e+02 6.300000000000000000e+01 5.200000000000000000e+01 3.900000000000000000e+01
7.640000000000000000e+02 6.300000000000000000e+01 5.200000000000000000e+01 3.900000000000000000e+01
7.660000000000000000e+02 6.300000000000000000e+01 5.200000000000000000e+01 3.900000000000000000e+01
7.670000000000000000e+02 6.300000000000000000e+01 5.200000000000000000e+01 3.900000000000000000e+01
7.680000000000000000e+02 6.400000000000000000e+01 5.200000000000000000e+01 3.900000000000000000e+01
7.690000000000000000e+02 6.400000000000000000e+01 5.200000000000000000e+01 3.900000000000000000e+01
7.700000000000000000e+02 6.400000000000000000e+01 5.200000000000000000e+01 3.900000000000000000e+01
7.710000000000000000e+02 6.400000000000000000e+01 5.200000000000000000e+01 3.900000000000000000e+01
7.730000000000000000e+02 6.400000000000000000e+01 5.200000000000000000e+01 3.900000000000000000e+01
7.740000000000000000e+02 6.400000000000000000e+01 5.200000000000000000e+01 3.900000000000000000e+01
7.750000000000000000e+02 6.400000000000000000e+01 5.200000000000000000e+01 3.900000000000000000e+01
7.760000000000000000e+02 6.500000000000000000e+01 5.200000000000000000e+01 3.900000000000000000e+01
7.770000000000000000e+02 6.500000000000000000e+01 5.200000000000000000e+01 3.900000000000000000e+01
7.780000000000000000e+02 6.500000000000000000e+01 5.200000000000000000e+01 3.900000000000000000e+01
7.800000000000000000e+02 6.500000000000000000e+01 5.200000000000000000e+01 3.900000000000000000e+01
7.810000000000000000e+02 6.500000000000000000e+01 5.200000000000000000e+01 3.900000000000000000e+01
7.820000000000000000e+02 6.600000000000000000e+01 5.200000000000000000e+01 3.900000000000000000e+01
7.830000000000000000e+02 6.600000000000000000e+01 5.200000000000000000e+01 3.900000000000000000e+01
7.840000000000000000e+02 6.600000000000000000e+01 5.200000000000000000e+01 3.900000000000000000e+01
7.850000000000000000e+02 6.600000000000000000e+01 5.200000000000000000e+01 3.900000000000000000e+01
7.870000000000000000e+02 6.600000000000000000e+01 5.200000000000000000e+01 3.900000000000000000e+01
7.870000000000000000e+02 6.600000000000000000e+01 5.400000000000000000e+01 4.000000000000000000e+01
7.880000000000000000e+02 6.600000000000000000e+01 5.400000000000000000e+01 4.000000000000000000e+01
7.890000000000000000e+02 6.600000000000000000e+01 5.400000000000000000e+01 4.000000000000000000e+01
7.900000000000000000e+02 6.600000000000000000e+01 5.400000000000000000e+01 4.000000000000000000e+01
7.920000000000000000e+02 6.700000000000000000e+01 5.200000000000000000e+01 3.900000000000000000e+01
7.930000000000000000e+02 6.700000000000000000e+01 5.200000000000000000e+01 3.900000000000000000e+01
7.940000000000000000e+02 6.700000000000000000e+01 5.200000000000000000e+01 3.900000000000000000e+01
7.950000000000000000e+02 6.800000000000000000e+01 5.200000000000000000e+01 3.900000000000000000e+01
7.960000000000000000e+02 6.800000000000000000e+01 5.200000000000000000e+01 3.900000000000000000e+01
7.970000000000000000e+02 6.800000000000000000e+01 5.200000000000000000e+01 3.900000000000000000e+01
7.980000000000000000e+02 6.800000000000000000e+01 5.200000000000000000e+01 3.900000000000000000e+01
7.990000000000000000e+02 6.800000000000000000e+01 5.200000000000000000e+01 3.900000000000000000e+01
8.000000000000000000e+02 6.800000000000000000e+01 5.200000000000000000e+01 3.900000000000000000e+01
8.000000000000000000e+02 6.800000000000000000e+01 5.400000000000000000e+01 4.000000000000000000e+01
8.010000000000000000e+02 6.800000000000000000e+01 5.400000000000000000e+01 4.000000000000000000e+01
8.020000000000000000e+02 6.800000000000000000e+01 5.400000000000000000e+01 4.000000000000000000e+01
8.030000000000000000e+02 6.800000000000000000e+01 5.400000000000000000e+01 4.000000000000000000e+01
8.040000000000000000e+02 6.800000000000000000e+01 5.400000000000000000e+01 4.000000000000000000e+01
8.050000000000000000e+02 6.900000000000000000e+01 5.400000000000000000e+01 4.000000000000000000e+01
8.060000000000000000e+02 6.900000000000000000e+01 5.400000000000000000e+01 4.000000000000000000e+01
8.070000000000000000e+02 6.900000000000000000e+01 5.400000000000000000e+01 4.000000000000000000e+01
8.090000000000000000e+02 7.000000000000000000e+01 5.200000000000000000e+01 3.900000000000000000e+01
8.100000000000000000e+02 7.000000000000000000e+01 5.400000000000000000e+01 4.000000000000000000e+01
8.110000000000000000e+02 7.000000000000000000e+01 5.400000000000000000e+01 4.000000000000000000e+01
8.120000000000000000e+02 7.000000000000000000e+01 5.400000000000000000e+01 4.000000000000000000e+01
8.140000000000000000e+02 7.000000000000000000e+01 5.400000000000000000e+01 4.000000000000000000e+01
8.150000000000000000e+02 7.100000000000000000e+01 5.400000000000000000e+01 4.000000000000000000e+01
8.160000000000000000e+02 7.100000000000000000e+01 5.400000000000000000e+01 4.000000000000000000e+01
8.170000000000000000e+02 7.100000000000000000e+01 5.400000000000000000e+01 4.000000000000000000e+01
8.190000000000000000e+02 7.100000000000000000e+01 5.400000000000000000e+01 4.000000000000000000e+01
8.200000000000000000e+02 7.200000000000000000e+01 5.400000000000000000e+01 4.000000000000000000e+01
8.210000000000000000e+02 7.200000000000000000e+01 5.400000000000000000e+01 4.000000000000000000e+01
8.220000000000000000e+02 7.200000000000000000e+01 5.400000000000000000e+01 4.000000000000000000e+01
8.240000000000000000e+02 7.200000000000000000e+01 5.400000000000000000e+01 4.000000000000000000e+01
8.250000000000000000e+02 7.200000000000000000e+01 5.400000000000000000e+01 4.000000000000000000e+01
8.260000000000000000e+02 7.300000000000000000e+01 5.400000000000000000e+01 4.000000000000000000e+01
8.280000000000000000e+02 7.300000000000000000e+01 5.400000000000000000e+01 4.000000000000000000e+01
8.290000000000000000e+02 7.300000000000000000e+01 5.400000000000000000e+01 4.000000000000000000e+01
8.320000000000000000e+02 7.400000000000000000e+01 5.400000000000000000e+01 4.000000000000000000e+01
8.350000000000000000e+02 7.400000000000000000e+01 5.400000000000000000e+01 4.000000000000000000e+01
8.400000000000000000e+02 7.400000000000000000e+01 5.400000000000000000e+01 4.000000000000000000e+01
8.450000000000000000e+02 7.500000000000000000e+01 5.400000000000000000e+01 4.000000000000000000e+01
8.520000000000000000e+02 7.600000000000000000e+01 5.400000000000000000e+01 4.000000000000000000e+01
8.600000000000000000e+02 7.700000000000000000e+01 5.400000000000000000e+01 4.000000000000000000e+01
8.700000000000000000e+02 7.900000000000000000e+01 5.400000000000000000e+01 4.000000000000000000e+01
8.810000000000000000e+02 8.100000000000000000e+01 5.400000000000000000e+01 4.000000000000000000e+01
8.940000000000000000e+02 8.300000000000000000e+01 5.400000000000000000e+01 4.000000000000000000e+01
9.110000000000000000e+02 8.500000000000000000e+01 5.400000000000000000e+01 4.000000000000000000e+01
9.290000000000000000e+02 8.900000000000000000e+01 5.200000000000000000e+01 3.900000000000000000e+01
9.490000000000000000e+02 9.300000000000000000e+01 5.200000000000000000e+01 3.900000000000000000e+01
9.730000000000000000e+02 9.700000000000000000e+01 5.200000000000000000e+01 3.900000000000000000e+01
9.550000000000000000e+02 8.400000000000000000e+01 5.100000000000000000e+01 3.800000000000000000e+01
9.740000000000000000e+02 8.700000000000000000e+01 5.100000000000000000e+01 3.800000000000000000e+01
1.002000000000000000e+03 9.200000000000000000e+01 5.100000000000000000e+01 3.800000000000000000e+01
1.015000000000000000e+03 1.010000000000000000e+02 4.900000000000000000e+01 3.700000000000000000e+01
9.940000000000000000e+02 9.500000000000000000e+01 4.800000000000000000e+01 3.500000000000000000e+01
1.005000000000000000e+03 1.070000000000000000e+02 4.700000000000000000e+01 3.400000000000000000e+01
1.005000000000000000e+03 1.120000000000000000e+02 4.700000000000000000e+01 3.400000000000000000e+01
9.960000000000000000e+02 1.270000000000000000e+02 4.700000000000000000e+01 3.400000000000000000e+01
9.950000000000000000e+02 1.160000000000000000e+02 4.700000000000000000e+01 3.400000000000000000e+01
9.720000000000000000e+02 1.280000000000000000e+02 4.700000000000000000e+01 3.400000000000000000e+01
9.660000000000000000e+02 1.240000000000000000e+02 4.700000000000000000e+01 3.400000000000000000e+01
9.840000000000000000e+02 1.280000000000000000e+02 4.800000000000000000e+01 3.500000000000000000e+01
9.890000000000000000e+02 1.280000000000000000e+02 4.800000000000000000e+01 3.500000000000000000e+01
9.970000000000000000e+02 1.280000000000000000e+02 4.800000000000000000e+01 3.500000000000000000e+01
9.800000000000000000e+02 1.200000000000000000e+02 4.800000000000000000e+01 3.500000000000000000e+01
9.850000000000000000e+02 1.200000000000000000e+02 4.700000000000000000e+01 3.400000000000000000e+01
9.900000000000000000e+02 1.200000000000000000e+02 4.700000000000000000e+01 3.400000000000000000e+01
9.740000000000000000e+02 1.150000000000000000e+02 4.700000000000000000e+01 3.400000000000000000e+01
9.740000000000000000e+02 1.160000000000000000e+02 4.700000000000000000e+01 3.400000000000000000e+01
9.800000000000000000e+02 1.160000000000000000e+02 4.700000000000000000e+01 3.400000000000000000e+01
9.860000000000000000e+02 1.180000000000000000e+02 4.700000000000000000e+01 3.400000000000000000e+01
9.890000000000000000e+02 1.180000000000000000e+02 4.800000000000000000e+01 3.500000000000000000e+01
9.910000000000000000e+02 1.180000000000000000e+02 4.800000000000000000e+01 3.500000000000000000e+01
9.910000000000000000e+02 1.400000000000000000e+02 4.800000000000000000e+01 3.500000000000000000e+01
9.800000000000000000e+02 1.340000000000000000e+02 4.800000000000000000e+01 3.500000000000000000e+01
9.760000000000000000e+02 1.340000000000000000e+02 4.800000000000000000e+01 3.500000000000000000e+01
9.760000000000000000e+02 1.340000000000000000e+02 4.800000000000000000e+01 3.500000000000000000e+01
9.750000000000000000e+02 1.340000000000000000e+02 4.900000000000000000e+01 3.700000000000000000e+01
9.800000000000000000e+02 1.350000000000000000e+02 4.900000000000000000e+01 3.700000000000000000e+01
