5.620000000000000000e+02 1.260000000000000000e+02 2.000000000000000000e+01 2.300000000000000000e+01
5.620000000000000000e+02 1.250000000000000000e+02 2.000000000000000000e+01 2.300000000000000000e+01
5.620000000000000000e+02 1.260000000000000000e+02 2.000000000000000000e+01 2.300000000000000000e+01
5.620000000000000000e+02 1.260000000000000000e+02 2.000000000000000000e+01 2.300000000000000000e+01
5.620000000000000000e+02 1.270000000000000000e+02 2.000000000000000000e+01 2.300000000000000000e+01
5.620000000000000000e+02 1.270000000000000000e+02 2.000000000000000000e+01 2.300000000000000000e+01
5.620000000000000000e+02 1.280000000000000000e+02 2.000000000000000000e+01 2.300000000000000000e+01
5.620000000000000000e+02 1.280000000000000000e+02 2.000000000000000000e+01 2.300000000000000000e+01
5.620000000000000000e+02 1.290000000000000000e+02 2.000000000000000000e+01 2.300000000000000000e+01
5.620000000000000000e+02 1.290000000000000000e+02 2.000000000000000000e+01 2.300000000000000000e+01
5.620000000000000000e+02 1.300000000000000000e+02 2.000000000000000000e+01 2.300000000000000000e+01
5.620000000000000000e+02 1.300000000000000000e+02 2.000000000000000000e+01 2.300000000000000000e+01
5.620000000000000000e+02 1.310000000000000000e+02 2.000000000000000000e+01 2.300000000000000000e+01
5.620000000000000000e+02 1.310000000000000000e+02 2.000000000000000000e+01 2.300000000000000000e+01
5.620000000000000000e+02 1.320000000000000000e+02 2.000000000000000000e+01 2.300000000000000000e+01
5.620000000000000000e+02 1.320000000000000000e+02 2.000000000000000000e+01 2.300000000000000000e+01
5.620000000000000000e+02 1.330000000000000000e+02 2.000000000000000000e+01 2.300000000000000000e+01
5.620000000000000000e+02 1.340000000000000000e+02 2.000000000000000000e+01 2.300000000000000000e+01
5.620000000000000000e+02 1.340000000000000000e+02 2.000000000000000000e+01 2.300000000000000000e+01
5.620000000000000000e+02 1.350000000000000000e+02 2.000000000000000000e+01 2.300000000000000000e+01
5.620000000000000000e+02 1.350000000000000000e+02 2.000000000000000000e+01 2.300000000000000000e+01
5.620000000000000000e+02 1.360000000000000000e+02 2.000000000000000000e+01 2.300000000000000000e+01
5.620000000000000000e+02 1.370000000000000000e+02 2.000000000000000000e+01 2.300000000000000000e+01
5.610000000000000000e+02 1.370000000000000000e+02 2.000000000000000000e+01 2.300000000000000000e+01
5.610000000000000000e+02 1.380000000000000000e+02 2.000000000000000000e+01 2.300000000000000000e+01
5.610000000000000000e+02 1.390000000000000000e+02 1.900000000000000000e+01 2.200000000000000000e+01
5.610000000000000000e+02 1.400000000000000000e+02 1.900000000000000000e+01 2.200000000000000000e+01
5.610000000000000000e+02 1.430000000000000000e+02 2.000000000000000000e+01 2.300000000000000000e+01
5.610000000000000000e+02 1.260000000000000000e+02 2.000000000000000000e+01 2.300000000000000000e+01
5.570000000000000000e+02 1.270000000000000000e+02 2.000000000000000000e+01 2.300000000000000000e+01
5.570000000000000000e+02 1.310000000000000000e+02 2.000000000000000000e+01 2.300000000000000000e+01
5.560000000000000000e+02 1.410000000000000000e+02 2.000000000000000000e+01 2.300000000000000000e+01
5.550000000000000000e+02 1.500000000000000000e+02 1.900000000000000000e+01 2.200000000000000000e+01
5.530000000000000000e+02 1.610000000000000000e+02 2.000000000000000000e+01 2.300000000000000000e+01
5.520000000000000000e+02 1.700000000000000000e+02 1.900000000000000000e+01 2.200000000000000000e+01
5.570000000000000000e+02 1.800000000000000000e+02 1.900000000000000000e+01 2.200000000000000000e+01
5.540000000000000000e+02 1.910000000000000000e+02 1.900000000000000000e+01 2.200000000000000000e+01
5.490000000000000000e+02 2.000000000000000000e+02 1.900000000000000000e+01 2.200000000000000000e+01
5.440000000000000000e+02 2.100000000000000000e+02 1.800000000000000000e+01 2.100000000000000000e+01
5.400000000000000000e+02 2.200000000000000000e+02 1.800000000000000000e+01 2.100000000000000000e+01
5.440000000000000000e+02 2.300000000000000000e+02 1.800000000000000000e+01 2.100000000000000000e+01
5.380000000000000000e+02 2.390000000000000000e+02 1.800000000000000000e+01 2.100000000000000000e+01
5.390000000000000000e+02 2.480000000000000000e+02 1.800000000000000000e+01 2.100000000000000000e+01
5.360000000000000000e+02 2.560000000000000000e+02 1.700000000000000000e+01 2.000000000000000000e+01
5.300000000000000000e+02 2.640000000000000000e+02 1.700000000000000000e+01 2.000000000000000000e+01
5.220000000000000000e+02 2.710000000000000000e+02 1.700000000000000000e+01 2.000000000000000000e+01
5.220000000000000000e+02 2.780000000000000000e+02 1.700000000000000000e+01 2.000000000000000000e+01
5.220000000000000000e+02 2.850000000000000000e+02 1.700000000000000000e+01 2.000000000000000000e+01
5.220000000000000000e+02 2.920000000000000000e+02 1.700000000000000000e+01 2.000000000000000000e+01
5.220000000000000000e+02 2.990000000000000000e+02 1.800000000000000000e+01 2.100000000000000000e+01
5.220000000000000000e+02 3.040000000000000000e+02 1.800000000000000000e+01 2.100000000000000000e+01
5.220000000000000000e+02 3.090000000000000000e+02 1.800000000000000000e+01 2.100000000000000000e+01
5.230000000000000000e+02 3.130000000000000000e+02 1.800000000000000000e+01 2.100000000000000000e+01
5.240000000000000000e+02 3.160000000000000000e+02 1.700000000000000000e+01 2.000000000000000000e+01
5.240000000000000000e+02 3.200000000000000000e+02 1.700000000000000000e+01 2.000000000000000000e+01
5.240000000000000000e+02 3.230000000000000000e+02 1.700000000000000000e+01 2.000000000000000000e+01
5.240000000000000000e+02 3.250000000000000000e+02 1.700000000000000000e+01 2.000000000000000000e+01
5.240000000000000000e+02 3.280000000000000000e+02 1.800000000000000000e+01 2.100000000000000000e+01
5.240000000000000000e+02 3.300000000000000000e+02 1.800000000000000000e+01 2.100000000000000000e+01
5.240000000000000000e+02 3.320000000000000000e+02 1.800000000000000000e+01 2.100000000000000000e+01
5.240000000000000000e+02 3.340000000000000000e+02 1.800000000000000000e+01 2.100000000000000000e+01
5.250000000000000000e+02 3.360000000000000000e+02 1.800000000000000000e+01 2.100000000000000000e+01
5.250000000000000000e+02 3.380000000000000000e+02 1.800000000000000000e+01 2.100000000000000000e+01
5.250000000000000000e+02 3.400000000000000000e+02 1.800000000000000000e+01 2.100000000000000000e+01
5.250000000000000000e+02 3.420000000000000000e+02 1.800000000000000000e+01 2.100000000000000000e+01
5.250000000000000000e+02 3.440000000000000000e+02 1.800000000000000000e+01 2.100000000000000000e+01
5.260000000000000000e+02 3.460000000000000000e+02 1.800000000000000000e+01 2.100000000000000000e+01
5.260000000000000000e+02 3.480000000000000000e+02 1.800000000000000000e+01 2.100000000000000000e+01
5.260000000000000000e+02 3.500000000000000000e+02 1.800000000000000000e+01 2.100000000000000000e+01
5.250000000000000000e+02 3.520000000000000000e+02 1.800000000000000000e+01 2.100000000000000000e+01
5.260000000000000000e+02 3.530000000000000000e+02 1.700000000000000000e+01 2.000000000000000000e+01
5.250000000000000000e+02 3.550000000000000000e+02 1.800000000000000000e+01 2.100000000000000000e+01
5.240000000000000000e+02 3.570000000000000000e+02 1.800000000000000000e+01 2.100000000000000000e+01
5.250000000000000000e+02 3.580000000000000000e+02 1.700000000000000000e+01 2.000000000000000000e+01
5.240000000000000000e+02 3.600000000000000000e+02 1.700000000000000000e+01 2.000000000000000000e+01
5.240000000000000000e+02 3.610000000000000000e+02 1.700000000000000000e+01 2.000000000000000000e+01
5.230000000000000000e+02 3.630000000000000000e+02 1.700000000000000000e+01 2.000000000000000000e+01
5.230000000000000000e+02 3.640000000000000000e+02 1.700000000000000000e+01 2.000000000000000000e+01
5.220000000000000000e+02 3.650000000000000000e+02 1.700000000000000000e+01 2.000000000000000000e+01
5.220000000000000000e+02 3.660000000000000000e+02 1.700000000000000000e+01 2.000000000000000000e+01
5.220000000000000000e+02 3.670000000000000000e+02 1.700000000000000000e+01 1.900000000000000000e+01
5.220000000000000000e+02 3.670000000000000000e+02 1.700000000000000000e+01 2.000000000000000000e+01
