2.000000000000000000e+00 1.010000000000000000e+02 2.050000000000000000e+02 6.400000000000000000e+01
1.000000000000000000e+00 1.000000000000000000e+02 2.050000000000000000e+02 6.400000000000000000e+01
3.000000000000000000e+00 1.000000000000000000e+02 2.050000000000000000e+02 6.400000000000000000e+01
8.000000000000000000e+00 9.900000000000000000e+01 1.990000000000000000e+02 6.200000000000000000e+01
9.000000000000000000e+00 9.900000000000000000e+01 1.990000000000000000e+02 6.200000000000000000e+01
1.300000000000000000e+01 9.900000000000000000e+01 1.930000000000000000e+02 6.000000000000000000e+01
1.400000000000000000e+01 9.900000000000000000e+01 1.930000000000000000e+02 6.000000000000000000e+01
1.800000000000000000e+01 9.900000000000000000e+01 1.870000000000000000e+02 5.800000000000000000e+01
2.100000000000000000e+01 1.000000000000000000e+02 1.820000000000000000e+02 5.600000000000000000e+01
2.200000000000000000e+01 1.000000000000000000e+02 1.820000000000000000e+02 5.600000000000000000e+01
2.600000000000000000e+01 1.000000000000000000e+02 1.760000000000000000e+02 5.500000000000000000e+01
3.000000000000000000e+01 1.000000000000000000e+02 1.710000000000000000e+02 5.300000000000000000e+01
3.200000000000000000e+01 1.000000000000000000e+02 1.660000000000000000e+02 5.200000000000000000e+01
3.600000000000000000e+01 1.000000000000000000e+02 1.610000000000000000e+02 5.000000000000000000e+01
3.800000000000000000e+01 1.000000000000000000e+02 1.570000000000000000e+02 4.900000000000000000e+01
4.100000000000000000e+01 1.000000000000000000e+02 1.520000000000000000e+02 4.700000000000000000e+01
4.400000000000000000e+01 1.000000000000000000e+02 1.480000000000000000e+02 4.600000000000000000e+01
4.700000000000000000e+01 1.000000000000000000e+02 1.430000000000000000e+02 4.400000000000000000e+01
5.000000000000000000e+01 1.000000000000000000e+02 1.390000000000000000e+02 4.300000000000000000e+01
5.300000000000000000e+01 1.000000000000000000e+02 1.350000000000000000e+02 4.200000000000000000e+01
5.600000000000000000e+01 1.000000000000000000e+02 1.310000000000000000e+02 4.100000000000000000e+01
5.600000000000000000e+01 1.000000000000000000e+02 1.310000000000000000e+02 4.100000000000000000e+01
5.700000000000000000e+01 1.000000000000000000e+02 1.310000000000000000e+02 4.100000000000000000e+01
6.000000000000000000e+01 1.010000000000000000e+02 1.270000000000000000e+02 3.900000000000000000e+01
6.200000000000000000e+01 1.000000000000000000e+02 1.240000000000000000e+02 3.800000000000000000e+01
6.500000000000000000e+01 1.010000000000000000e+02 1.200000000000000000e+02 3.700000000000000000e+01
6.800000000000000000e+01 1.000000000000000000e+02 1.160000000000000000e+02 3.600000000000000000e+01
7.100000000000000000e+01 1.010000000000000000e+02 1.130000000000000000e+02 3.500000000000000000e+01
7.300000000000000000e+01 1.010000000000000000e+02 1.100000000000000000e+02 3.400000000000000000e+01
7.600000000000000000e+01 1.020000000000000000e+02 1.060000000000000000e+02 3.300000000000000000e+01
7.900000000000000000e+01 1.010000000000000000e+02 1.030000000000000000e+02 3.200000000000000000e+01
8.100000000000000000e+01 1.020000000000000000e+02 1.000000000000000000e+02 3.100000000000000000e+01
8.400000000000000000e+01 1.020000000000000000e+02 9.700000000000000000e+01 3.000000000000000000e+01
8.600000000000000000e+01 1.030000000000000000e+02 9.500000000000000000e+01 2.900000000000000000e+01
8.800000000000000000e+01 1.020000000000000000e+02 9.200000000000000000e+01 2.800000000000000000e+01
9.100000000000000000e+01 1.030000000000000000e+02 8.900000000000000000e+01 2.700000000000000000e+01
9.300000000000000000e+01 1.030000000000000000e+02 8.600000000000000000e+01 2.700000000000000000e+01
9.400000000000000000e+01 1.030000000000000000e+02 8.600000000000000000e+01 2.700000000000000000e+01
9.300000000000000000e+01 1.030000000000000000e+02 8.600000000000000000e+01 2.700000000000000000e+01
9.300000000000000000e+01 1.030000000000000000e+02 8.600000000000000000e+01 2.700000000000000000e+01
9.300000000000000000e+01 1.030000000000000000e+02 8.600000000000000000e+01 2.700000000000000000e+01
9.300000000000000000e+01 1.030000000000000000e+02 8.600000000000000000e+01 2.700000000000000000e+01
9.300000000000000000e+01 1.030000000000000000e+02 8.600000000000000000e+01 2.700000000000000000e+01
9.300000000000000000e+01 1.040000000000000000e+02 8.600000000000000000e+01 2.700000000000000000e+01
9.300000000000000000e+01 1.040000000000000000e+02 8.600000000000000000e+01 2.700000000000000000e+01
9.300000000000000000e+01 1.040000000000000000e+02 8.600000000000000000e+01 2.700000000000000000e+01
9.300000000000000000e+01 1.030000000000000000e+02 8.600000000000000000e+01 2.700000000000000000e+01
9.200000000000000000e+01 1.030000000000000000e+02 8.600000000000000000e+01 2.700000000000000000e+01
9.200000000000000000e+01 1.030000000000000000e+02 8.600000000000000000e+01 2.700000000000000000e+01
9.200000000000000000e+01 1.030000000000000000e+02 8.600000000000000000e+01 2.700000000000000000e+01
9.200000000000000000e+01 1.030000000000000000e+02 8.600000000000000000e+01 2.700000000000000000e+01
9.200000000000000000e+01 1.030000000000000000e+02 8.600000000000000000e+01 2.700000000000000000e+01
9.200000000000000000e+01 1.030000000000000000e+02 8.600000000000000000e+01 2.700000000000000000e+01
9.200000000000000000e+01 1.030000000000000000e+02 8.600000000000000000e+01 2.700000000000000000e+01
9.200000000000000000e+01 1.030000000000000000e+02 8.600000000000000000e+01 2.700000000000000000e+01
9.200000000000000000e+01 1.030000000000000000e+02 8.600000000000000000e+01 2.700000000000000000e+01
9.200000000000000000e+01 1.020000000000000000e+02 8.600000000000000000e+01 2.700000000000000000e+01
9.100000000000000000e+01 1.020000000000000000e+02 8.600000000000000000e+01 2.700000000000000000e+01
9.100000000000000000e+01 1.020000000000000000e+02 8.600000000000000000e+01 2.700000000000000000e+01
9.100000000000000000e+01 1.020000000000000000e+02 8.600000000000000000e+01 2.700000000000000000e+01
9.100000000000000000e+01 1.020000000000000000e+02 8.600000000000000000e+01 2.700000000000000000e+01
9.100000000000000000e+01 1.020000000000000000e+02 8.600000000000000000e+01 2.700000000000000000e+01
9.100000000000000000e+01 1.020000000000000000e+02 8.600000000000000000e+01 2.700000000000000000e+01
9.000000000000000000e+01 1.020000000000000000e+02 8.600000000000000000e+01 2.700000000000000000e+01
9.000000000000000000e+01 1.020000000000000000e+02 8.600000000000000000e+01 2.700000000000000000e+01
9.000000000000000000e+01 1.020000000000000000e+02 8.600000000000000000e+01 2.700000000000000000e+01
9.000000000000000000e+01 1.020000000000000000e+02 8.600000000000000000e+01 2.700000000000000000e+01
9.000000000000000000e+01 1.020000000000000000e+02 8.600000000000000000e+01 2.700000000000000000e+01
9.000000000000000000e+01 1.020000000000000000e+02 8.600000000000000000e+01 2.700000000000000000e+01
9.000000000000000000e+01 1.020000000000000000e+02 8.600000000000000000e+01 2.700000000000000000e+01
9.000000000000000000e+01 1.020000000000000000e+02 8.600000000000000000e+01 2.700000000000000000e+01
9.000000000000000000e+01 1.020000000000000000e+02 8.600000000000000000e+01 2.700000000000000000e+01
9.000000000000000000e+01 1.010000000000000000e+02 8.600000000000000000e+01 2.700000000000000000e+01
8.900000000000000000e+01 1.010000000000000000e+02 8.600000000000000000e+01 2.700000000000000000e+01
8.900000000000000000e+01 1.010000000000000000e+02 8.600000000000000000e+01 2.700000000000000000e+01
8.900000000000000000e+01 1.010000000000000000e+02 8.600000000000000000e+01 2.700000000000000000e+01
8.900000000000000000e+01 1.010000000000000000e+02 8.600000000000000000e+01 2.700000000000000000e+01
8.900000000000000000e+01 1.010000000000000000e+02 8.600000000000000000e+01 2.700000000000000000e+01
8.900000000000000000e+01 1.010000000000000000e+02 8.600000000000000000e+01 2.700000000000000000e+01
8.900000000000000000e+01 1.010000000000000000e+02 8.600000000000000000e+01 2.700000000000000000e+01
8.900000000000000000e+01 1.000000000000000000e+02 8.600000000000000000e+01 2.700000000000000000e+01
8.900000000000000000e+01 1.000000000000000000e+02 8.600000000000000000e+01 2.700000000000000000e+01
9.000000000000000000e+01 1.000000000000000000e+02 8.600000000000000000e+01 2.700000000000000000e+01
9.000000000000000000e+01 1.000000000000000000e+02 8.600000000000000000e+01 2.700000000000000000e+01
9.000000000000000000e+01 1.000000000000000000e+02 8.600000000000000000e+01 2.700000000000000000e+01
9.000000000000000000e+01 1.000000000000000000e+02 8.600000000000000000e+01 2.700000000000000000e+01
9.000000000000000000e+01 1.000000000000000000e+02 8.600000000000000000e+01 2.700000000000000000e+01
9.000000000000000000e+01 9.900000000000000000e+01 8.600000000000000000e+01 2.700000000000000000e+01
9.000000000000000000e+01 9.900000000000000000e+01 8.600000000000000000e+01 2.700000000000000000e+01
9.000000000000000000e+01 9.900000000000000000e+01 8.600000000000000000e+01 2.700000000000000000e+01
9.100000000000000000e+01 9.900000000000000000e+01 8.600000000000000000e+01 2.700000000000000000e+01
9.100000000000000000e+01 9.900000000000000000e+01 8.600000000000000000e+01 2.700000000000000000e+01
9.100000000000000000e+01 9.900000000000000000e+01 8.600000000000000000e+01 2.700000000000000000e+01
9.100000000000000000e+01 9.900000000000000000e+01 8.600000000000000000e+01 2.700000000000000000e+01
9.100000000000000000e+01 9.900000000000000000e+01 8.600000000000000000e+01 2.700000000000000000e+01
9.100000000000000000e+01 9.900000000000000000e+01 8.600000000000000000e+01 2.700000000000000000e+01
9.100000000000000000e+01 9.900000000000000000e+01 8.600000000000000000e+01 2.700000000000000000e+01
9.100000000000000000e+01 9.900000000000000000e+01 8.600000000000000000e+01 2.700000000000000000e+01
9.100000000000000000e+01 9.900000000000000000e+01 8.600000000000000000e+01 2.700000000000000000e+01
9.100000000000000000e+01 9.900000000000000000e+01 8.600000000000000000e+01 2.700000000000000000e+01
9.100000000000000000e+01 9.900000000000000000e+01 8.600000000000000000e+01 2.700000000000000000e+01
9.000000000000000000e+01 9.900000000000000000e+01 8.600000000000000000e+01 2.700000000000000000e+01
9.000000000000000000e+01 9.900000000000000000e+01 8.600000000000000000e+01 2.700000000000000000e+01
9.000000000000000000e+01 9.900000000000000000e+01 8.600000000000000000e+01 2.700000000000000000e+01
9.000000000000000000e+01 9.900000000000000000e+01 8.600000000000000000e+01 2.700000000000000000e+01
9.000000000000000000e+01 9.900000000000000000e+01 8.600000000000000000e+01 2.700000000000000000e+01
8.900000000000000000e+01 9.900000000000000000e+01 8.600000000000000000e+01 2.700000000000000000e+01
8.900000000000000000e+01 9.900000000000000000e+01 8.600000000000000000e+01 2.700000000000000000e+01
8.900000000000000000e+01 9.900000000000000000e+01 8.600000000000000000e+01 2.700000000000000000e+01
8.900000000000000000e+01 9.900000000000000000e+01 8.600000000000000000e+01 2.700000000000000000e+01
8.900000000000000000e+01 9.900000000000000000e+01 8.600000000000000000e+01 2.700000000000000000e+01
8.800000000000000000e+01 9.900000000000000000e+01 8.600000000000000000e+01 2.700000000000000000e+01
8.800000000000000000e+01 9.900000000000000000e+01 8.600000000000000000e+01 2.700000000000000000e+01
8.800000000000000000e+01 9.900000000000000000e+01 8.600000000000000000e+01 2.700000000000000000e+01
8.800000000000000000e+01 9.900000000000000000e+01 8.600000000000000000e+01 2.700000000000000000e+01
8.800000000000000000e+01 9.900000000000000000e+01 8.600000000000000000e+01 2.700000000000000000e+01
8.700000000000000000e+01 9.900000000000000000e+01 8.600000000000000000e+01 2.700000000000000000e+01
8.700000000000000000e+01 9.900000000000000000e+01 8.600000000000000000e+01 2.700000000000000000e+01
8.700000000000000000e+01 9.900000000000000000e+01 8.600000000000000000e+01 2.700000000000000000e+01
8.700000000000000000e+01 9.900000000000000000e+01 8.600000000000000000e+01 2.700000000000000000e+01
8.600000000000000000e+01 9.900000000000000000e+01 8.600000000000000000e+01 2.700000000000000000e+01
8.600000000000000000e+01 9.900000000000000000e+01 8.600000000000000000e+01 2.700000000000000000e+01
8.600000000000000000e+01 9.900000000000000000e+01 8.600000000000000000e+01 2.700000000000000000e+01
8.500000000000000000e+01 9.900000000000000000e+01 8.600000000000000000e+01 2.700000000000000000e+01
8.500000000000000000e+01 1.000000000000000000e+02 8.600000000000000000e+01 2.700000000000000000e+01
8.500000000000000000e+01 1.000000000000000000e+02 8.600000000000000000e+01 2.700000000000000000e+01
8.500000000000000000e+01 1.000000000000000000e+02 8.600000000000000000e+01 2.700000000000000000e+01
8.500000000000000000e+01 1.000000000000000000e+02 8.600000000000000000e+01 2.700000000000000000e+01
8.400000000000000000e+01 1.000000000000000000e+02 8.600000000000000000e+01 2.700000000000000000e+01
8.400000000000000000e+01 1.000000000000000000e+02 8.600000000000000000e+01 2.700000000000000000e+01
8.300000000000000000e+01 1.000000000000000000e+02 8.600000000000000000e+01 2.700000000000000000e+01
8.300000000000000000e+01 1.000000000000000000e+02 8.600000000000000000e+01 2.700000000000000000e+01
8.300000000000000000e+01 1.010000000000000000e+02 8.600000000000000000e+01 2.700000000000000000e+01
8.300000000000000000e+01 1.010000000000000000e+02 8.600000000000000000e+01 2.700000000000000000e+01
8.300000000000000000e+01 1.010000000000000000e+02 8.600000000000000000e+01 2.700000000000000000e+01
8.300000000000000000e+01 1.010000000000000000e+02 8.600000000000000000e+01 2.700000000000000000e+01
8.200000000000000000e+01 1.010000000000000000e+02 8.600000000000000000e+01 2.700000000000000000e+01
8.200000000000000000e+01 1.010000000000000000e+02 8.600000000000000000e+01 2.700000000000000000e+01
8.200000000000000000e+01 1.010000000000000000e+02 8.600000000000000000e+01 2.700000000000000000e+01
8.200000000000000000e+01 1.010000000000000000e+02 8.600000000000000000e+01 2.700000000000000000e+01
8.200000000000000000e+01 1.010000000000000000e+02 8.600000000000000000e+01 2.700000000000000000e+01
8.300000000000000000e+01 1.010000000000000000e+02 8.600000000000000000e+01 2.700000000000000000e+01
8.200000000000000000e+01 1.010000000000000000e+02 8.600000000000000000e+01 2.700000000000000000e+01
8.200000000000000000e+01 1.020000000000000000e+02 8.600000000000000000e+01 2.700000000000000000e+01
8.300000000000000000e+01 1.020000000000000000e+02 8.600000000000000000e+01 2.700000000000000000e+01
8.300000000000000000e+01 1.020000000000000000e+02 8.600000000000000000e+01 2.700000000000000000e+01
8.300000000000000000e+01 1.020000000000000000e+02 8.600000000000000000e+01 2.700000000000000000e+01
8.300000000000000000e+01 1.020000000000000000e+02 8.600000000000000000e+01 2.700000000000000000e+01
8.300000000000000000e+01 1.020000000000000000e+02 8.600000000000000000e+01 2.700000000000000000e+01
8.300000000000000000e+01 1.020000000000000000e+02 8.600000000000000000e+01 2.700000000000000000e+01
8.300000000000000000e+01 1.020000000000000000e+02 8.600000000000000000e+01 2.700000000000000000e+01
8.300000000000000000e+01 1.020000000000000000e+02 8.600000000000000000e+01 2.700000000000000000e+01
8.300000000000000000e+01 1.020000000000000000e+02 8.600000000000000000e+01 2.700000000000000000e+01
8.300000000000000000e+01 1.020000000000000000e+02 8.600000000000000000e+01 2.700000000000000000e+01
8.300000000000000000e+01 1.020000000000000000e+02 8.600000000000000000e+01 2.700000000000000000e+01
8.300000000000000000e+01 1.020000000000000000e+02 8.600000000000000000e+01 2.700000000000000000e+01
8.300000000000000000e+01 1.020000000000000000e+02 8.600000000000000000e+01 2.700000000000000000e+01
8.300000000000000000e+01 1.020000000000000000e+02 8.600000000000000000e+01 2.700000000000000000e+01
8.300000000000000000e+01 1.020000000000000000e+02 8.600000000000000000e+01 2.700000000000000000e+01
8.300000000000000000e+01 1.020000000000000000e+02 8.600000000000000000e+01 2.700000000000000000e+01
8.300000000000000000e+01 1.020000000000000000e+02 8.600000000000000000e+01 2.700000000000000000e+01
8.300000000000000000e+01 1.020000000000000000e+02 8.600000000000000000e+01 2.700000000000000000e+01
8.300000000000000000e+01 1.020000000000000000e+02 8.600000000000000000e+01 2.700000000000000000e+01
8.300000000000000000e+01 1.020000000000000000e+02 8.600000000000000000e+01 2.700000000000000000e+01
8.300000000000000000e+01 1.020000000000000000e+02 8.600000000000000000e+01 2.700000000000000000e+01
8.300000000000000000e+01 1.020000000000000000e+02 8.600000000000000000e+01 2.700000000000000000e+01
8.300000000000000000e+01 1.020000000000000000e+02 8.600000000000000000e+01 2.700000000000000000e+01
8.300000000000000000e+01 1.020000000000000000e+02 8.600000000000000000e+01 2.700000000000000000e+01
8.300000000000000000e+01 1.020000000000000000e+02 8.600000000000000000e+01 2.700000000000000000e+01
8.300000000000000000e+01 1.020000000000000000e+02 8.600000000000000000e+01 2.700000000000000000e+01
8.400000000000000000e+01 1.020000000000000000e+02 8.600000000000000000e+01 2.700000000000000000e+01
8.400000000000000000e+01 1.020000000000000000e+02 8.600000000000000000e+01 2.700000000000000000e+01
8.400000000000000000e+01 1.020000000000000000e+02 8.600000000000000000e+01 2.700000000000000000e+01
8.400000000000000000e+01 1.020000000000000000e+02 8.600000000000000000e+01 2.700000000000000000e+01
8.400000000000000000e+01 1.020000000000000000e+02 8.600000000000000000e+01 2.700000000000000000e+01
8.400000000000000000e+01 1.020000000000000000e+02 8.600000000000000000e+01 2.700000000000000000e+01
8.400000000000000000e+01 1.020000000000000000e+02 8.600000000000000000e+01 2.700000000000000000e+01
8.400000000000000000e+01 1.020000000000000000e+02 8.600000000000000000e+01 2.700000000000000000e+01
8.400000000000000000e+01 1.020000000000000000e+02 8.600000000000000000e+01 2.700000000000000000e+01
8.400000000000000000e+01 1.020000000000000000e+02 8.600000000000000000e+01 2.700000000000000000e+01
8.400000000000000000e+01 1.020000000000000000e+02 8.600000000000000000e+01 2.700000000000000000e+01
8.300000000000000000e+01 1.020000000000000000e+02 8.600000000000000000e+01 2.700000000000000000e+01
8.300000000000000000e+01 1.020000000000000000e+02 8.600000000000000000e+01 2.700000000000000000e+01
8.300000000000000000e+01 1.020000000000000000e+02 8.600000000000000000e+01 2.700000000000000000e+01
8.300000000000000000e+01 1.020000000000000000e+02 8.600000000000000000e+01 2.700000000000000000e+01
8.300000000000000000e+01 1.020000000000000000e+02 8.600000000000000000e+01 2.700000000000000000e+01
8.300000000000000000e+01 1.020000000000000000e+02 8.600000000000000000e+01 2.700000000000000000e+01
8.300000000000000000e+01 1.020000000000000000e+02 8.600000000000000000e+01 2.700000000000000000e+01
8.300000000000000000e+01 1.020000000000000000e+02 8.600000000000000000e+01 2.700000000000000000e+01
8.300000000000000000e+01 1.020000000000000000e+02 8.600000000000000000e+01 2.700000000000000000e+01
8.300000000000000000e+01 1.020000000000000000e+02 8.600000000000000000e+01 2.700000000000000000e+01
8.300000000000000000e+01 1.020000000000000000e+02 8.600000000000000000e+01 2.700000000000000000e+01
8.300000000000000000e+01 1.020000000000000000e+02 8.600000000000000000e+01 2.700000000000000000e+01
8.300000000000000000e+01 1.020000000000000000e+02 8.600000000000000000e+01 2.700000000000000000e+01
8.300000000000000000e+01 1.020000000000000000e+02 8.600000000000000000e+01 2.700000000000000000e+01
8.300000000000000000e+01 1.020000000000000000e+02 8.600000000000000000e+01 2.700000000000000000e+01
8.300000000000000000e+01 1.020000000000000000e+02 8.600000000000000000e+01 2.700000000000000000e+01
8.300000000000000000e+01 1.020000000000000000e+02 8.600000000000000000e+01 2.700000000000000000e+01
8.300000000000000000e+01 1.020000000000000000e+02 8.600000000000000000e+01 2.700000000000000000e+01
8.300000000000000000e+01 1.020000000000000000e+02 8.600000000000000000e+01 2.700000000000000000e+01
8.400000000000000000e+01 1.020000000000000000e+02 8.600000000000000000e+01 2.700000000000000000e+01
8.400000000000000000e+01 1.020000000000000000e+02 8.600000000000000000e+01 2.700000000000000000e+01
8.400000000000000000e+01 1.020000000000000000e+02 8.600000000000000000e+01 2.700000000000000000e+01
8.400000000000000000e+01 1.020000000000000000e+02 8.600000000000000000e+01 2.700000000000000000e+01
8.400000000000000000e+01 1.020000000000000000e+02 8.600000000000000000e+01 2.700000000000000000e+01
8.500000000000000000e+01 1.020000000000000000e+02 8.600000000000000000e+01 2.700000000000000000e+01
8.500000000000000000e+01 1.020000000000000000e+02 8.600000000000000000e+01 2.700000000000000000e+01
8.500000000000000000e+01 1.020000000000000000e+02 8.600000000000000000e+01 2.700000000000000000e+01
8.500000000000000000e+01 1.020000000000000000e+02 8.600000000000000000e+01 2.700000000000000000e+01
8.400000000000000000e+01 1.020000000000000000e+02 8.600000000000000000e+01 2.700000000000000000e+01
8.400000000000000000e+01 1.020000000000000000e+02 8.600000000000000000e+01 2.700000000000000000e+01
8.400000000000000000e+01 1.020000000000000000e+02 8.600000000000000000e+01 2.700000000000000000e+01
8.400000000000000000e+01 1.020000000000000000e+02 8.600000000000000000e+01 2.700000000000000000e+01
8.400000000000000000e+01 1.020000000000000000e+02 8.600000000000000000e+01 2.700000000000000000e+01
8.400000000000000000e+01 1.020000000000000000e+02 8.600000000000000000e+01 2.700000000000000000e+01
8.500000000000000000e+01 1.020000000000000000e+02 8.400000000000000000e+01 2.600000000000000000e+01
8.500000000000000000e+01 1.020000000000000000e+02 8.400000000000000000e+01 2.600000000000000000e+01
8.500000000000000000e+01 1.030000000000000000e+02 8.400000000000000000e+01 2.600000000000000000e+01
8.500000000000000000e+01 1.030000000000000000e+02 8.400000000000000000e+01 2.600000000000000000e+01
8.500000000000000000e+01 1.030000000000000000e+02 8.400000000000000000e+01 2.600000000000000000e+01
8.500000000000000000e+01 1.030000000000000000e+02 8.400000000000000000e+01 2.600000000000000000e+01
8.500000000000000000e+01 1.030000000000000000e+02 8.400000000000000000e+01 2.600000000000000000e+01
8.400000000000000000e+01 1.040000000000000000e+02 8.400000000000000000e+01 2.600000000000000000e+01
8.400000000000000000e+01 1.040000000000000000e+02 8.400000000000000000e+01 2.600000000000000000e+01
8.400000000000000000e+01 1.040000000000000000e+02 8.400000000000000000e+01 2.600000000000000000e+01
8.400000000000000000e+01 1.040000000000000000e+02 8.400000000000000000e+01 2.600000000000000000e+01
8.400000000000000000e+01 1.040000000000000000e+02 8.400000000000000000e+01 2.600000000000000000e+01
8.400000000000000000e+01 1.040000000000000000e+02 8.400000000000000000e+01 2.600000000000000000e+01
8.400000000000000000e+01 1.040000000000000000e+02 8.400000000000000000e+01 2.600000000000000000e+01
8.400000000000000000e+01 1.040000000000000000e+02 8.400000000000000000e+01 2.600000000000000000e+01
8.300000000000000000e+01 1.050000000000000000e+02 8.600000000000000000e+01 2.700000000000000000e+01
8.300000000000000000e+01 1.050000000000000000e+02 8.600000000000000000e+01 2.700000000000000000e+01
8.300000000000000000e+01 1.050000000000000000e+02 8.600000000000000000e+01 2.700000000000000000e+01
8.300000000000000000e+01 1.050000000000000000e+02 8.600000000000000000e+01 2.700000000000000000e+01
8.300000000000000000e+01 1.050000000000000000e+02 8.600000000000000000e+01 2.700000000000000000e+01
8.300000000000000000e+01 1.050000000000000000e+02 8.600000000000000000e+01 2.700000000000000000e+01
8.300000000000000000e+01 1.050000000000000000e+02 8.600000000000000000e+01 2.700000000000000000e+01
8.300000000000000000e+01 1.050000000000000000e+02 8.600000000000000000e+01 2.700000000000000000e+01
8.300000000000000000e+01 1.050000000000000000e+02 8.600000000000000000e+01 2.700000000000000000e+01
8.300000000000000000e+01 1.050000000000000000e+02 8.600000000000000000e+01 2.700000000000000000e+01
8.300000000000000000e+01 1.050000000000000000e+02 8.600000000000000000e+01 2.700000000000000000e+01
8.300000000000000000e+01 1.050000000000000000e+02 8.600000000000000000e+01 2.700000000000000000e+01
8.300000000000000000e+01 1.050000000000000000e+02 8.600000000000000000e+01 2.700000000000000000e+01
8.300000000000000000e+01 1.050000000000000000e+02 8.600000000000000000e+01 2.700000000000000000e+01
8.300000000000000000e+01 1.050000000000000000e+02 8.600000000000000000e+01 2.700000000000000000e+01
8.300000000000000000e+01 1.050000000000000000e+02 8.600000000000000000e+01 2.700000000000000000e+01
8.300000000000000000e+01 1.050000000000000000e+02 8.600000000000000000e+01 2.700000000000000000e+01
8.300000000000000000e+01 1.050000000000000000e+02 8.600000000000000000e+01 2.700000000000000000e+01
8.300000000000000000e+01 1.050000000000000000e+02 8.600000000000000000e+01 2.700000000000000000e+01
8.300000000000000000e+01 1.050000000000000000e+02 8.600000000000000000e+01 2.700000000000000000e+01
8.300000000000000000e+01 1.050000000000000000e+02 8.600000000000000000e+01 2.700000000000000000e+01
8.300000000000000000e+01 1.050000000000000000e+02 8.600000000000000000e+01 2.700000000000000000e+01
8.300000000000000000e+01 1.050000000000000000e+02 8.600000000000000000e+01 2.700000000000000000e+01
8.300000000000000000e+01 1.050000000000000000e+02 8.600000000000000000e+01 2.700000000000000000e+01
