6.540000000000000000e+02 1.300000000000000000e+01 3.900000000000000000e+01 5.500000000000000000e+01
6.540000000000000000e+02 1.300000000000000000e+01 3.900000000000000000e+01 5.500000000000000000e+01
6.550000000000000000e+02 1.400000000000000000e+01 3.700000000000000000e+01 5.300000000000000000e+01
6.550000000000000000e+02 1.400000000000000000e+01 3.900000000000000000e+01 5.500000000000000000e+01
6.560000000000000000e+02 1.400000000000000000e+01 3.900000000000000000e+01 5.500000000000000000e+01
6.570000000000000000e+02 1.400000000000000000e+01 3.900000000000000000e+01 5.500000000000000000e+01
6.580000000000000000e+02 1.500000000000000000e+01 3.900000000000000000e+01 5.500000000000000000e+01
6.590000000000000000e+02 1.600000000000000000e+01 3.700000000000000000e+01 5.300000000000000000e+01
6.600000000000000000e+02 1.700000000000000000e+01 3.700000000000000000e+01 5.300000000000000000e+01
6.610000000000000000e+02 1.700000000000000000e+01 3.700000000000000000e+01 5.300000000000000000e+01
6.610000000000000000e+02 1.700000000000000000e+01 3.900000000000000000e+01 5.500000000000000000e+01
6.620000000000000000e+02 1.700000000000000000e+01 3.900000000000000000e+01 5.500000000000000000e+01
6.620000000000000000e+02 1.700000000000000000e+01 3.900000000000000000e+01 5.500000000000000000e+01
6.630000000000000000e+02 1.800000000000000000e+01 3.900000000000000000e+01 5.500000000000000000e+01
6.640000000000000000e+02 1.800000000000000000e+01 3.900000000000000000e+01 5.500000000000000000e+01
6.650000000000000000e+02 1.900000000000000000e+01 3.900000000000000000e+01 5.500000000000000000e+01
6.660000000000000000e+02 1.900000000000000000e+01 3.900000000000000000e+01 5.500000000000000000e+01
6.670000000000000000e+02 2.000000000000000000e+01 3.900000000000000000e+01 5.500000000000000000e+01
6.670000000000000000e+02 2.000000000000000000e+01 3.900000000000000000e+01 5.500000000000000000e+01
6.680000000000000000e+02 2.100000000000000000e+01 3.900000000000000000e+01 5.500000000000000000e+01
6.690000000000000000e+02 2.100000000000000000e+01 3.900000000000000000e+01 5.500000000000000000e+01
6.700000000000000000e+02 2.200000000000000000e+01 3.900000000000000000e+01 5.500000000000000000e+01
6.710000000000000000e+02 2.200000000000000000e+01 3.900000000000000000e+01 5.500000000000000000e+01
6.710000000000000000e+02 2.200000000000000000e+01 3.900000000000000000e+01 5.500000000000000000e+01
6.720000000000000000e+02 2.200000000000000000e+01 3.900000000000000000e+01 5.500000000000000000e+01
6.720000000000000000e+02 2.300000000000000000e+01 3.900000000000000000e+01 5.500000000000000000e+01
6.730000000000000000e+02 2.300000000000000000e+01 3.900000000000000000e+01 5.500000000000000000e+01
6.740000000000000000e+02 2.300000000000000000e+01 3.900000000000000000e+01 5.500000000000000000e+01
6.750000000000000000e+02 2.400000000000000000e+01 3.900000000000000000e+01 5.500000000000000000e+01
6.760000000000000000e+02 2.400000000000000000e+01 3.900000000000000000e+01 5.500000000000000000e+01
6.760000000000000000e+02 2.400000000000000000e+01 3.900000000000000000e+01 5.500000000000000000e+01
6.770000000000000000e+02 2.500000000000000000e+01 3.900000000000000000e+01 5.500000000000000000e+01
6.780000000000000000e+02 2.500000000000000000e+01 3.900000000000000000e+01 5.500000000000000000e+01
6.780000000000000000e+02 2.500000000000000000e+01 3.900000000000000000e+01 5.500000000000000000e+01
6.790000000000000000e+02 2.500000000000000000e+01 3.900000000000000000e+01 5.500000000000000000e+01
6.790000000000000000e+02 2.600000000000000000e+01 3.900000000000000000e+01 5.500000000000000000e+01
6.800000000000000000e+02 2.600000000000000000e+01 3.900000000000000000e+01 5.500000000000000000e+01
6.810000000000000000e+02 2.600000000000000000e+01 3.900000000000000000e+01 5.500000000000000000e+01
6.810000000000000000e+02 2.600000000000000000e+01 3.900000000000000000e+01 5.500000000000000000e+01
6.820000000000000000e+02 2.700000000000000000e+01 3.900000000000000000e+01 5.500000000000000000e+01
6.820000000000000000e+02 2.700000000000000000e+01 3.900000000000000000e+01 5.500000000000000000e+01
6.830000000000000000e+02 2.700000000000000000e+01 3.900000000000000000e+01 5.500000000000000000e+01
6.830000000000000000e+02 2.800000000000000000e+01 3.900000000000000000e+01 5.500000000000000000e+01
6.840000000000000000e+02 2.800000000000000000e+01 3.900000000000000000e+01 5.500000000000000000e+01
6.850000000000000000e+02 2.800000000000000000e+01 3.900000000000000000e+01 5.500000000000000000e+01
6.850000000000000000e+02 2.800000000000000000e+01 3.900000000000000000e+01 5.500000000000000000e+01
6.850000000000000000e+02 2.800000000000000000e+01 4.000000000000000000e+01 5.600000000000000000e+01
6.850000000000000000e+02 2.800000000000000000e+01 4.000000000000000000e+01 5.600000000000000000e+01
6.860000000000000000e+02 2.800000000000000000e+01 4.000000000000000000e+01 5.600000000000000000e+01
6.860000000000000000e+02 2.800000000000000000e+01 4.000000000000000000e+01 5.600000000000000000e+01
6.860000000000000000e+02 2.800000000000000000e+01 4.000000000000000000e+01 5.600000000000000000e+01
6.870000000000000000e+02 2.800000000000000000e+01 4.000000000000000000e+01 5.600000000000000000e+01
6.870000000000000000e+02 2.800000000000000000e+01 4.000000000000000000e+01 5.600000000000000000e+01
6.880000000000000000e+02 2.800000000000000000e+01 4.000000000000000000e+01 5.600000000000000000e+01
6.880000000000000000e+02 2.800000000000000000e+01 4.000000000000000000e+01 5.600000000000000000e+01
6.890000000000000000e+02 2.900000000000000000e+01 3.900000000000000000e+01 5.500000000000000000e+01
6.900000000000000000e+02 2.900000000000000000e+01 3.900000000000000000e+01 5.500000000000000000e+01
6.900000000000000000e+02 3.000000000000000000e+01 3.900000000000000000e+01 5.500000000000000000e+01
6.900000000000000000e+02 2.900000000000000000e+01 4.000000000000000000e+01 5.600000000000000000e+01
6.900000000000000000e+02 2.900000000000000000e+01 4.000000000000000000e+01 5.600000000000000000e+01
6.900000000000000000e+02 2.900000000000000000e+01 4.000000000000000000e+01 5.600000000000000000e+01
6.910000000000000000e+02 2.900000000000000000e+01 4.000000000000000000e+01 5.600000000000000000e+01
6.910000000000000000e+02 2.900000000000000000e+01 4.000000000000000000e+01 5.600000000000000000e+01
6.910000000000000000e+02 2.900000000000000000e+01 4.000000000000000000e+01 5.600000000000000000e+01
6.920000000000000000e+02 2.900000000000000000e+01 4.000000000000000000e+01 5.600000000000000000e+01
6.920000000000000000e+02 2.900000000000000000e+01 4.000000000000000000e+01 5.600000000000000000e+01
6.920000000000000000e+02 2.900000000000000000e+01 4.000000000000000000e+01 5.600000000000000000e+01
6.920000000000000000e+02 2.900000000000000000e+01 4.000000000000000000e+01 5.600000000000000000e+01
6.930000000000000000e+02 2.900000000000000000e+01 4.000000000000000000e+01 5.600000000000000000e+01
6.930000000000000000e+02 2.900000000000000000e+01 4.000000000000000000e+01 5.600000000000000000e+01
6.930000000000000000e+02 2.900000000000000000e+01 4.000000000000000000e+01 5.600000000000000000e+01
6.940000000000000000e+02 2.900000000000000000e+01 4.000000000000000000e+01 5.600000000000000000e+01
6.940000000000000000e+02 2.900000000000000000e+01 4.000000000000000000e+01 5.600000000000000000e+01
6.940000000000000000e+02 2.900000000000000000e+01 4.000000000000000000e+01 5.600000000000000000e+01
6.940000000000000000e+02 2.900000000000000000e+01 4.000000000000000000e+01 5.600000000000000000e+01
6.950000000000000000e+02 2.900000000000000000e+01 4.000000000000000000e+01 5.600000000000000000e+01
6.950000000000000000e+02 2.900000000000000000e+01 4.000000000000000000e+01 5.600000000000000000e+01
6.950000000000000000e+02 2.900000000000000000e+01 4.000000000000000000e+01 5.600000000000000000e+01
6.950000000000000000e+02 2.900000000000000000e+01 4.000000000000000000e+01 5.600000000000000000e+01
6.950000000000000000e+02 2.900000000000000000e+01 4.000000000000000000e+01 5.600000000000000000e+01
6.960000000000000000e+02 2.900000000000000000e+01 4.000000000000000000e+01 5.600000000000000000e+01
6.960000000000000000e+02 2.900000000000000000e+01 4.000000000000000000e+01 5.600000000000000000e+01
6.960000000000000000e+02 2.900000000000000000e+01 4.000000000000000000e+01 5.600000000000000000e+01
6.960000000000000000e+02 2.900000000000000000e+01 4.000000000000000000e+01 5.600000000000000000e+01
6.970000000000000000e+02 2.900000000000000000e+01 4.000000000000000000e+01 5.600000000000000000e+01
6.970000000000000000e+02 2.900000000000000000e+01 4.000000000000000000e+01 5.600000000000000000e+01
6.970000000000000000e+02 2.900000000000000000e+01 4.000000000000000000e+01 5.600000000000000000e+01
6.970000000000000000e+02 2.900000000000000000e+01 4.000000000000000000e+01 5.600000000000000000e+01
6.970000000000000000e+02 2.900000000000000000e+01 4.000000000000000000e+01 5.600000000000000000e+01
6.970000000000000000e+02 2.900000000000000000e+01 4.000000000000000000e+01 5.600000000000000000e+01
6.970000000000000000e+02 2.900000000000000000e+01 4.000000000000000000e+01 5.600000000000000000e+01
6.970000000000000000e+02 2.900000000000000000e+01 4.000000000000000000e+01 5.600000000000000000e+01
6.970000000000000000e+02 2.900000000000000000e+01 4.000000000000000000e+01 5.600000000000000000e+01
6.980000000000000000e+02 2.900000000000000000e+01 4.000000000000000000e+01 5.600000000000000000e+01
6.980000000000000000e+02 2.900000000000000000e+01 4.000000000000000000e+01 5.600000000000000000e+01
6.980000000000000000e+02 2.900000000000000000e+01 4.000000000000000000e+01 5.600000000000000000e+01
6.980000000000000000e+02 2.900000000000000000e+01 4.000000000000000000e+01 5.600000000000000000e+01
6.980000000000000000e+02 2.900000000000000000e+01 4.000000000000000000e+01 5.600000000000000000e+01
6.980000000000000000e+02 2.900000000000000000e+01 4.000000000000000000e+01 5.600000000000000000e+01
6.980000000000000000e+02 2.900000000000000000e+01 4.000000000000000000e+01 5.600000000000000000e+01
6.980000000000000000e+02 2.900000000000000000e+01 4.000000000000000000e+01 5.600000000000000000e+01
6.980000000000000000e+02 2.900000000000000000e+01 4.000000000000000000e+01 5.600000000000000000e+01
6.980000000000000000e+02 2.900000000000000000e+01 4.000000000000000000e+01 5.600000000000000000e+01
6.980000000000000000e+02 2.900000000000000000e+01 4.000000000000000000e+01 5.600000000000000000e+01
6.980000000000000000e+02 2.900000000000000000e+01 4.000000000000000000e+01 5.600000000000000000e+01
6.980000000000000000e+02 2.900000000000000000e+01 4.000000000000000000e+01 5.600000000000000000e+01
6.980000000000000000e+02 2.900000000000000000e+01 4.000000000000000000e+01 5.600000000000000000e+01
6.980000000000000000e+02 2.800000000000000000e+01 4.000000000000000000e+01 5.600000000000000000e+01
6.980000000000000000e+02 2.800000000000000000e+01 4.000000000000000000e+01 5.600000000000000000e+01
6.980000000000000000e+02 2.800000000000000000e+01 4.000000000000000000e+01 5.600000000000000000e+01
6.980000000000000000e+02 2.800000000000000000e+01 4.000000000000000000e+01 5.600000000000000000e+01
6.980000000000000000e+02 2.800000000000000000e+01 4.000000000000000000e+01 5.600000000000000000e+01
6.970000000000000000e+02 2.800000000000000000e+01 4.000000000000000000e+01 5.600000000000000000e+01
6.970000000000000000e+02 2.800000000000000000e+01 4.000000000000000000e+01 5.600000000000000000e+01
6.970000000000000000e+02 2.800000000000000000e+01 4.000000000000000000e+01 5.600000000000000000e+01
6.970000000000000000e+02 2.800000000000000000e+01 4.000000000000000000e+01 5.600000000000000000e+01
6.970000000000000000e+02 2.700000000000000000e+01 4.000000000000000000e+01 5.600000000000000000e+01
6.970000000000000000e+02 2.700000000000000000e+01 4.000000000000000000e+01 5.600000000000000000e+01
6.970000000000000000e+02 2.700000000000000000e+01 4.000000000000000000e+01 5.600000000000000000e+01
6.970000000000000000e+02 2.700000000000000000e+01 4.000000000000000000e+01 5.600000000000000000e+01
6.960000000000000000e+02 2.700000000000000000e+01 4.000000000000000000e+01 5.600000000000000000e+01
6.960000000000000000e+02 2.700000000000000000e+01 4.000000000000000000e+01 5.600000000000000000e+01
6.960000000000000000e+02 2.700000000000000000e+01 4.000000000000000000e+01 5.600000000000000000e+01
6.960000000000000000e+02 2.700000000000000000e+01 4.000000000000000000e+01 5.600000000000000000e+01
6.950000000000000000e+02 2.700000000000000000e+01 4.000000000000000000e+01 5.600000000000000000e+01
6.950000000000000000e+02 2.700000000000000000e+01 4.000000000000000000e+01 5.600000000000000000e+01
6.950000000000000000e+02 2.700000000000000000e+01 4.000000000000000000e+01 5.600000000000000000e+01
6.950000000000000000e+02 2.700000000000000000e+01 4.000000000000000000e+01 5.600000000000000000e+01
6.940000000000000000e+02 2.700000000000000000e+01 4.000000000000000000e+01 5.600000000000000000e+01
6.940000000000000000e+02 2.600000000000000000e+01 4.000000000000000000e+01 5.600000000000000000e+01
6.940000000000000000e+02 2.600000000000000000e+01 4.000000000000000000e+01 5.600000000000000000e+01
6.940000000000000000e+02 2.600000000000000000e+01 4.000000000000000000e+01 5.600000000000000000e+01
6.930000000000000000e+02 2.600000000000000000e+01 4.000000000000000000e+01 5.600000000000000000e+01
6.930000000000000000e+02 2.600000000000000000e+01 4.000000000000000000e+01 5.600000000000000000e+01
6.930000000000000000e+02 2.600000000000000000e+01 4.000000000000000000e+01 5.600000000000000000e+01
6.920000000000000000e+02 2.600000000000000000e+01 4.000000000000000000e+01 5.600000000000000000e+01
6.920000000000000000e+02 2.500000000000000000e+01 4.000000000000000000e+01 5.600000000000000000e+01
6.920000000000000000e+02 2.500000000000000000e+01 4.000000000000000000e+01 5.600000000000000000e+01
6.910000000000000000e+02 2.500000000000000000e+01 4.000000000000000000e+01 5.600000000000000000e+01
6.910000000000000000e+02 2.500000000000000000e+01 4.000000000000000000e+01 5.600000000000000000e+01
6.910000000000000000e+02 2.500000000000000000e+01 4.000000000000000000e+01 5.600000000000000000e+01
6.900000000000000000e+02 2.500000000000000000e+01 4.000000000000000000e+01 5.600000000000000000e+01
6.900000000000000000e+02 2.500000000000000000e+01 4.000000000000000000e+01 5.600000000000000000e+01
6.900000000000000000e+02 2.400000000000000000e+01 4.000000000000000000e+01 5.600000000000000000e+01
6.900000000000000000e+02 2.400000000000000000e+01 4.000000000000000000e+01 5.600000000000000000e+01
6.890000000000000000e+02 2.400000000000000000e+01 4.000000000000000000e+01 5.600000000000000000e+01
6.890000000000000000e+02 2.400000000000000000e+01 4.000000000000000000e+01 5.600000000000000000e+01
6.890000000000000000e+02 2.400000000000000000e+01 4.000000000000000000e+01 5.600000000000000000e+01
6.890000000000000000e+02 2.400000000000000000e+01 4.000000000000000000e+01 5.600000000000000000e+01
6.880000000000000000e+02 2.300000000000000000e+01 4.000000000000000000e+01 5.600000000000000000e+01
6.880000000000000000e+02 2.300000000000000000e+01 4.000000000000000000e+01 5.600000000000000000e+01
6.880000000000000000e+02 2.300000000000000000e+01 4.000000000000000000e+01 5.600000000000000000e+01
6.880000000000000000e+02 2.300000000000000000e+01 4.000000000000000000e+01 5.600000000000000000e+01
6.870000000000000000e+02 2.300000000000000000e+01 4.000000000000000000e+01 5.600000000000000000e+01
6.870000000000000000e+02 2.300000000000000000e+01 4.000000000000000000e+01 5.600000000000000000e+01
6.870000000000000000e+02 2.200000000000000000e+01 4.000000000000000000e+01 5.600000000000000000e+01
6.870000000000000000e+02 2.200000000000000000e+01 4.000000000000000000e+01 5.600000000000000000e+01
6.870000000000000000e+02 2.200000000000000000e+01 4.000000000000000000e+01 5.600000000000000000e+01
6.870000000000000000e+02 2.200000000000000000e+01 4.000000000000000000e+01 5.600000000000000000e+01
6.870000000000000000e+02 2.300000000000000000e+01 3.900000000000000000e+01 5.500000000000000000e+01
6.870000000000000000e+02 2.300000000000000000e+01 3.900000000000000000e+01 5.500000000000000000e+01
6.870000000000000000e+02 2.300000000000000000e+01 3.900000000000000000e+01 5.500000000000000000e+01
6.870000000000000000e+02 2.200000000000000000e+01 3.900000000000000000e+01 5.500000000000000000e+01
6.870000000000000000e+02 2.200000000000000000e+01 3.900000000000000000e+01 5.500000000000000000e+01
6.870000000000000000e+02 2.200000000000000000e+01 3.900000000000000000e+01 5.500000000000000000e+01
6.870000000000000000e+02 2.200000000000000000e+01 3.900000000000000000e+01 5.500000000000000000e+01
6.870000000000000000e+02 2.100000000000000000e+01 3.900000000000000000e+01 5.500000000000000000e+01
6.870000000000000000e+02 2.100000000000000000e+01 3.900000000000000000e+01 5.500000000000000000e+01
6.870000000000000000e+02 2.100000000000000000e+01 3.900000000000000000e+01 5.500000000000000000e+01
6.870000000000000000e+02 2.100000000000000000e+01 3.900000000000000000e+01 5.500000000000000000e+01
6.870000000000000000e+02 2.000000000000000000e+01 3.900000000000000000e+01 5.500000000000000000e+01
6.870000000000000000e+02 2.000000000000000000e+01 3.900000000000000000e+01 5.500000000000000000e+01
6.870000000000000000e+02 2.000000000000000000e+01 3.900000000000000000e+01 5.500000000000000000e+01
6.870000000000000000e+02 2.000000000000000000e+01 3.900000000000000000e+01 5.500000000000000000e+01
6.870000000000000000e+02 1.900000000000000000e+01 3.900000000000000000e+01 5.500000000000000000e+01
6.870000000000000000e+02 1.900000000000000000e+01 3.900000000000000000e+01 5.500000000000000000e+01
6.880000000000000000e+02 1.900000000000000000e+01 3.900000000000000000e+01 5.500000000000000000e+01
6.880000000000000000e+02 1.900000000000000000e+01 3.900000000000000000e+01 5.500000000000000000e+01
6.890000000000000000e+02 1.800000000000000000e+01 3.900000000000000000e+01 5.500000000000000000e+01
6.890000000000000000e+02 1.800000000000000000e+01 3.900000000000000000e+01 5.500000000000000000e+01
6.900000000000000000e+02 1.800000000000000000e+01 3.900000000000000000e+01 5.500000000000000000e+01
6.900000000000000000e+02 1.700000000000000000e+01 3.900000000000000000e+01 5.500000000000000000e+01
6.900000000000000000e+02 1.700000000000000000e+01 3.900000000000000000e+01 5.500000000000000000e+01
6.900000000000000000e+02 1.700000000000000000e+01 3.900000000000000000e+01 5.500000000000000000e+01
6.910000000000000000e+02 1.700000000000000000e+01 3.900000000000000000e+01 5.500000000000000000e+01
6.910000000000000000e+02 1.700000000000000000e+01 3.900000000000000000e+01 5.500000000000000000e+01
6.910000000000000000e+02 1.600000000000000000e+01 3.900000000000000000e+01 5.500000000000000000e+01
6.910000000000000000e+02 1.600000000000000000e+01 3.900000000000000000e+01 5.500000000000000000e+01
6.910000000000000000e+02 1.500000000000000000e+01 3.900000000000000000e+01 5.500000000000000000e+01
6.920000000000000000e+02 1.500000000000000000e+01 3.900000000000000000e+01 5.500000000000000000e+01
6.920000000000000000e+02 1.500000000000000000e+01 3.900000000000000000e+01 5.500000000000000000e+01
6.920000000000000000e+02 1.400000000000000000e+01 3.900000000000000000e+01 5.500000000000000000e+01
6.920000000000000000e+02 1.400000000000000000e+01 3.900000000000000000e+01 5.500000000000000000e+01
6.930000000000000000e+02 1.400000000000000000e+01 3.900000000000000000e+01 5.500000000000000000e+01
6.930000000000000000e+02 1.300000000000000000e+01 3.900000000000000000e+01 5.500000000000000000e+01
6.930000000000000000e+02 1.300000000000000000e+01 3.900000000000000000e+01 5.500000000000000000e+01
6.930000000000000000e+02 1.300000000000000000e+01 3.900000000000000000e+01 5.500000000000000000e+01
6.940000000000000000e+02 1.200000000000000000e+01 3.900000000000000000e+01 5.500000000000000000e+01
6.940000000000000000e+02 1.200000000000000000e+01 3.900000000000000000e+01 5.500000000000000000e+01
6.940000000000000000e+02 1.200000000000000000e+01 3.900000000000000000e+01 5.500000000000000000e+01
6.950000000000000000e+02 1.100000000000000000e+01 3.900000000000000000e+01 5.500000000000000000e+01
6.950000000000000000e+02 1.100000000000000000e+01 3.900000000000000000e+01 5.500000000000000000e+01
6.960000000000000000e+02 1.100000000000000000e+01 3.900000000000000000e+01 5.500000000000000000e+01
6.970000000000000000e+02 1.100000000000000000e+01 3.700000000000000000e+01 5.300000000000000000e+01
6.980000000000000000e+02 1.100000000000000000e+01 3.700000000000000000e+01 5.300000000000000000e+01
6.990000000000000000e+02 1.100000000000000000e+01 3.700000000000000000e+01 5.300000000000000000e+01
6.990000000000000000e+02 1.000000000000000000e+01 3.700000000000000000e+01 5.300000000000000000e+01
7.000000000000000000e+02 1.000000000000000000e+01 3.700000000000000000e+01 5.300000000000000000e+01
7.000000000000000000e+02 1.000000000000000000e+01 3.700000000000000000e+01 5.300000000000000000e+01
7.010000000000000000e+02 9.000000000000000000e+00 3.700000000000000000e+01 5.300000000000000000e+01
7.010000000000000000e+02 9.000000000000000000e+00 3.700000000000000000e+01 5.300000000000000000e+01
7.020000000000000000e+02 9.000000000000000000e+00 3.700000000000000000e+01 5.300000000000000000e+01
7.020000000000000000e+02 8.000000000000000000e+00 3.700000000000000000e+01 5.300000000000000000e+01
7.020000000000000000e+02 8.000000000000000000e+00 3.700000000000000000e+01 5.300000000000000000e+01
7.030000000000000000e+02 8.000000000000000000e+00 3.700000000000000000e+01 5.300000000000000000e+01
7.030000000000000000e+02 8.000000000000000000e+00 3.700000000000000000e+01 5.300000000000000000e+01
7.040000000000000000e+02 7.000000000000000000e+00 3.700000000000000000e+01 5.300000000000000000e+01
7.040000000000000000e+02 7.000000000000000000e+00 3.700000000000000000e+01 5.300000000000000000e+01
7.040000000000000000e+02 7.000000000000000000e+00 3.700000000000000000e+01 5.300000000000000000e+01
7.050000000000000000e+02 6.000000000000000000e+00 3.700000000000000000e+01 5.300000000000000000e+01
7.060000000000000000e+02 6.000000000000000000e+00 3.700000000000000000e+01 5.300000000000000000e+01
7.060000000000000000e+02 6.000000000000000000e+00 3.700000000000000000e+01 5.300000000000000000e+01
7.060000000000000000e+02 5.000000000000000000e+00 3.700000000000000000e+01 5.300000000000000000e+01
7.060000000000000000e+02 5.000000000000000000e+00 3.700000000000000000e+01 5.300000000000000000e+01
7.070000000000000000e+02 5.000000000000000000e+00 3.700000000000000000e+01 5.300000000000000000e+01
7.070000000000000000e+02 4.000000000000000000e+00 3.700000000000000000e+01 5.300000000000000000e+01
7.080000000000000000e+02 4.000000000000000000e+00 3.700000000000000000e+01 5.300000000000000000e+01
7.080000000000000000e+02 4.000000000000000000e+00 3.700000000000000000e+01 5.300000000000000000e+01
7.090000000000000000e+02 4.000000000000000000e+00 3.700000000000000000e+01 5.300000000000000000e+01
7.090000000000000000e+02 3.000000000000000000e+00 3.700000000000000000e+01 5.300000000000000000e+01
7.090000000000000000e+02 3.000000000000000000e+00 3.700000000000000000e+01 5.300000000000000000e+01
7.100000000000000000e+02 3.000000000000000000e+00 3.700000000000000000e+01 5.300000000000000000e+01
7.100000000000000000e+02 2.000000000000000000e+00 3.700000000000000000e+01 5.300000000000000000e+01
7.100000000000000000e+02 2.000000000000000000e+00 3.700000000000000000e+01 5.300000000000000000e+01
7.110000000000000000e+02 1.000000000000000000e+00 3.700000000000000000e+01 5.300000000000000000e+01
7.110000000000000000e+02 1.000000000000000000e+00 3.700000000000000000e+01 5.300000000000000000e+01
7.120000000000000000e+02 1.000000000000000000e+00 3.700000000000000000e+01 5.300000000000000000e+01
7.120000000000000000e+02 0.000000000000000000e+00 3.700000000000000000e+01 5.300000000000000000e+01
7.120000000000000000e+02 0.000000000000000000e+00 3.700000000000000000e+01 5.300000000000000000e+01
7.130000000000000000e+02 0.000000000000000000e+00 3.700000000000000000e+01 5.300000000000000000e+01
7.130000000000000000e+02 0.000000000000000000e+00 3.700000000000000000e+01 5.300000000000000000e+01
7.140000000000000000e+02 0.000000000000000000e+00 3.700000000000000000e+01 5.300000000000000000e+01
7.140000000000000000e+02 0.000000000000000000e+00 3.700000000000000000e+01 5.300000000000000000e+01
7.140000000000000000e+02 0.000000000000000000e+00 3.700000000000000000e+01 5.300000000000000000e+01
7.150000000000000000e+02 0.000000000000000000e+00 3.700000000000000000e+01 5.300000000000000000e+01
7.150000000000000000e+02 0.000000000000000000e+00 3.600000000000000000e+01 5.100000000000000000e+01
7.160000000000000000e+02 0.000000000000000000e+00 3.600000000000000000e+01 5.100000000000000000e+01
7.160000000000000000e+02 0.000000000000000000e+00 3.600000000000000000e+01 5.100000000000000000e+01
7.160000000000000000e+02 0.000000000000000000e+00 3.600000000000000000e+01 5.100000000000000000e+01
7.170000000000000000e+02 -1.000000000000000000e+00 3.600000000000000000e+01 5.100000000000000000e+01
7.170000000000000000e+02 -1.000000000000000000e+00 3.600000000000000000e+01 5.100000000000000000e+01
7.170000000000000000e+02 -1.000000000000000000e+00 3.600000000000000000e+01 5.100000000000000000e+01
7.180000000000000000e+02 -1.000000000000000000e+00 3.600000000000000000e+01 5.100000000000000000e+01
7.180000000000000000e+02 -2.000000000000000000e+00 3.600000000000000000e+01 5.100000000000000000e+01
7.180000000000000000e+02 -2.000000000000000000e+00 3.600000000000000000e+01 5.100000000000000000e+01
7.190000000000000000e+02 -2.000000000000000000e+00 3.600000000000000000e+01 5.100000000000000000e+01
7.190000000000000000e+02 -2.000000000000000000e+00 3.600000000000000000e+01 5.100000000000000000e+01
7.200000000000000000e+02 -3.000000000000000000e+00 3.600000000000000000e+01 5.100000000000000000e+01
7.200000000000000000e+02 -3.000000000000000000e+00 3.600000000000000000e+01 5.100000000000000000e+01
7.200000000000000000e+02 -3.000000000000000000e+00 3.600000000000000000e+01 5.100000000000000000e+01
7.210000000000000000e+02 -3.000000000000000000e+00 3.600000000000000000e+01 5.100000000000000000e+01
7.210000000000000000e+02 -3.000000000000000000e+00 3.600000000000000000e+01 5.100000000000000000e+01
7.220000000000000000e+02 -3.000000000000000000e+00 3.600000000000000000e+01 5.100000000000000000e+01
7.220000000000000000e+02 -4.000000000000000000e+00 3.600000000000000000e+01 5.100000000000000000e+01
7.220000000000000000e+02 -4.000000000000000000e+00 3.600000000000000000e+01 5.100000000000000000e+01
7.230000000000000000e+02 -4.000000000000000000e+00 3.600000000000000000e+01 5.100000000000000000e+01
7.230000000000000000e+02 -4.000000000000000000e+00 3.600000000000000000e+01 5.100000000000000000e+01
7.230000000000000000e+02 -4.000000000000000000e+00 3.600000000000000000e+01 5.100000000000000000e+01
7.240000000000000000e+02 -4.000000000000000000e+00 3.600000000000000000e+01 5.100000000000000000e+01
7.240000000000000000e+02 -4.000000000000000000e+00 3.600000000000000000e+01 5.100000000000000000e+01
7.250000000000000000e+02 -5.000000000000000000e+00 3.600000000000000000e+01 5.100000000000000000e+01
7.250000000000000000e+02 -5.000000000000000000e+00 3.600000000000000000e+01 5.100000000000000000e+01
7.260000000000000000e+02 -5.000000000000000000e+00 3.600000000000000000e+01 5.100000000000000000e+01
7.260000000000000000e+02 -5.000000000000000000e+00 3.600000000000000000e+01 5.100000000000000000e+01
7.270000000000000000e+02 -5.000000000000000000e+00 3.600000000000000000e+01 5.100000000000000000e+01
7.270000000000000000e+02 -5.000000000000000000e+00 3.600000000000000000e+01 5.100000000000000000e+01
7.270000000000000000e+02 -5.000000000000000000e+00 3.600000000000000000e+01 5.100000000000000000e+01
7.280000000000000000e+02 -5.000000000000000000e+00 3.600000000000000000e+01 5.100000000000000000e+01
7.280000000000000000e+02 -5.000000000000000000e+00 3.600000000000000000e+01 5.100000000000000000e+01
7.290000000000000000e+02 -5.000000000000000000e+00 3.600000000000000000e+01 5.100000000000000000e+01
7.290000000000000000e+02 -5.000000000000000000e+00 3.600000000000000000e+01 5.100000000000000000e+01
7.300000000000000000e+02 -5.000000000000000000e+00 3.600000000000000000e+01 5.100000000000000000e+01
7.300000000000000000e+02 -5.000000000000000000e+00 3.600000000000000000e+01 5.100000000000000000e+01
7.310000000000000000e+02 -5.000000000000000000e+00 3.600000000000000000e+01 5.100000000000000000e+01
7.310000000000000000e+02 -5.000000000000000000e+00 3.600000000000000000e+01 5.100000000000000000e+01
7.320000000000000000e+02 -5.000000000000000000e+00 3.600000000000000000e+01 5.100000000000000000e+01
7.320000000000000000e+02 -5.000000000000000000e+00 3.600000000000000000e+01 5.100000000000000000e+01
7.330000000000000000e+02 -5.000000000000000000e+00 3.600000000000000000e+01 5.100000000000000000e+01
7.330000000000000000e+02 -5.000000000000000000e+00 3.600000000000000000e+01 5.100000000000000000e+01
7.340000000000000000e+02 -4.000000000000000000e+00 3.600000000000000000e+01 5.100000000000000000e+01
7.340000000000000000e+02 -4.000000000000000000e+00 3.600000000000000000e+01 5.100000000000000000e+01
7.350000000000000000e+02 -4.000000000000000000e+00 3.600000000000000000e+01 5.100000000000000000e+01
7.350000000000000000e+02 -4.000000000000000000e+00 3.600000000000000000e+01 5.100000000000000000e+01
7.360000000000000000e+02 -4.000000000000000000e+00 3.600000000000000000e+01 5.100000000000000000e+01
7.360000000000000000e+02 -3.000000000000000000e+00 3.600000000000000000e+01 5.100000000000000000e+01
7.370000000000000000e+02 -3.000000000000000000e+00 3.600000000000000000e+01 5.100000000000000000e+01
7.370000000000000000e+02 -3.000000000000000000e+00 3.600000000000000000e+01 5.100000000000000000e+01
7.380000000000000000e+02 -3.000000000000000000e+00 3.600000000000000000e+01 5.100000000000000000e+01
7.380000000000000000e+02 -2.000000000000000000e+00 3.600000000000000000e+01 5.100000000000000000e+01
7.390000000000000000e+02 -2.000000000000000000e+00 3.600000000000000000e+01 5.100000000000000000e+01
7.390000000000000000e+02 -2.000000000000000000e+00 3.600000000000000000e+01 5.100000000000000000e+01
7.400000000000000000e+02 -1.000000000000000000e+00 3.600000000000000000e+01 5.100000000000000000e+01
7.400000000000000000e+02 -1.000000000000000000e+00 3.600000000000000000e+01 5.100000000000000000e+01
7.410000000000000000e+02 -1.000000000000000000e+00 3.600000000000000000e+01 5.100000000000000000e+01
7.410000000000000000e+02 0.000000000000000000e+00 3.600000000000000000e+01 5.100000000000000000e+01
7.420000000000000000e+02 0.000000000000000000e+00 3.600000000000000000e+01 5.100000000000000000e+01
7.430000000000000000e+02 0.000000000000000000e+00 3.700000000000000000e+01 5.300000000000000000e+01
7.430000000000000000e+02 0.000000000000000000e+00 3.700000000000000000e+01 5.300000000000000000e+01
7.440000000000000000e+02 0.000000000000000000e+00 3.700000000000000000e+01 5.300000000000000000e+01
7.440000000000000000e+02 0.000000000000000000e+00 3.700000000000000000e+01 5.300000000000000000e+01
7.450000000000000000e+02 0.000000000000000000e+00 3.700000000000000000e+01 5.300000000000000000e+01
7.450000000000000000e+02 1.000000000000000000e+00 3.700000000000000000e+01 5.300000000000000000e+01
7.460000000000000000e+02 1.000000000000000000e+00 3.700000000000000000e+01 5.300000000000000000e+01
7.470000000000000000e+02 2.000000000000000000e+00 3.700000000000000000e+01 5.300000000000000000e+01
7.470000000000000000e+02 3.000000000000000000e+00 3.700000000000000000e+01 5.300000000000000000e+01
7.480000000000000000e+02 3.000000000000000000e+00 3.700000000000000000e+01 5.300000000000000000e+01
7.490000000000000000e+02 4.000000000000000000e+00 3.700000000000000000e+01 5.300000000000000000e+01
7.490000000000000000e+02 5.000000000000000000e+00 3.700000000000000000e+01 5.300000000000000000e+01
7.500000000000000000e+02 5.000000000000000000e+00 3.700000000000000000e+01 5.300000000000000000e+01
7.500000000000000000e+02 6.000000000000000000e+00 3.700000000000000000e+01 5.300000000000000000e+01
7.510000000000000000e+02 7.000000000000000000e+00 3.700000000000000000e+01 5.300000000000000000e+01
7.520000000000000000e+02 7.000000000000000000e+00 3.700000000000000000e+01 5.300000000000000000e+01
7.520000000000000000e+02 8.000000000000000000e+00 3.700000000000000000e+01 5.300000000000000000e+01
7.530000000000000000e+02 9.000000000000000000e+00 3.700000000000000000e+01 5.300000000000000000e+01
7.540000000000000000e+02 1.000000000000000000e+01 3.700000000000000000e+01 5.300000000000000000e+01
7.540000000000000000e+02 1.000000000000000000e+01 3.700000000000000000e+01 5.300000000000000000e+01
7.550000000000000000e+02 1.100000000000000000e+01 3.700000000000000000e+01 5.300000000000000000e+01
7.560000000000000000e+02 1.200000000000000000e+01 3.700000000000000000e+01 5.300000000000000000e+01
7.560000000000000000e+02 1.300000000000000000e+01 3.700000000000000000e+01 5.300000000000000000e+01
7.570000000000000000e+02 1.300000000000000000e+01 3.700000000000000000e+01 5.300000000000000000e+01
7.580000000000000000e+02 1.400000000000000000e+01 3.700000000000000000e+01 5.300000000000000000e+01
7.580000000000000000e+02 1.500000000000000000e+01 3.700000000000000000e+01 5.300000000000000000e+01
7.590000000000000000e+02 1.600000000000000000e+01 3.700000000000000000e+01 5.300000000000000000e+01
7.600000000000000000e+02 1.700000000000000000e+01 3.700000000000000000e+01 5.300000000000000000e+01
7.600000000000000000e+02 1.800000000000000000e+01 3.700000000000000000e+01 5.300000000000000000e+01
7.610000000000000000e+02 1.900000000000000000e+01 3.700000000000000000e+01 5.300000000000000000e+01
7.610000000000000000e+02 1.900000000000000000e+01 3.900000000000000000e+01 5.500000000000000000e+01
7.610000000000000000e+02 2.000000000000000000e+01 3.900000000000000000e+01 5.500000000000000000e+01
7.620000000000000000e+02 2.100000000000000000e+01 3.900000000000000000e+01 5.500000000000000000e+01
7.630000000000000000e+02 2.200000000000000000e+01 3.900000000000000000e+01 5.500000000000000000e+01
7.640000000000000000e+02 2.300000000000000000e+01 3.900000000000000000e+01 5.500000000000000000e+01
7.650000000000000000e+02 2.400000000000000000e+01 3.900000000000000000e+01 5.500000000000000000e+01
7.650000000000000000e+02 2.500000000000000000e+01 3.900000000000000000e+01 5.500000000000000000e+01
7.660000000000000000e+02 2.600000000000000000e+01 3.900000000000000000e+01 5.500000000000000000e+01
7.670000000000000000e+02 2.700000000000000000e+01 3.900000000000000000e+01 5.500000000000000000e+01
7.680000000000000000e+02 2.800000000000000000e+01 3.900000000000000000e+01 5.500000000000000000e+01
7.690000000000000000e+02 2.900000000000000000e+01 3.900000000000000000e+01 5.500000000000000000e+01
7.700000000000000000e+02 3.000000000000000000e+01 3.900000000000000000e+01 5.500000000000000000e+01
7.700000000000000000e+02 3.200000000000000000e+01 3.900000000000000000e+01 5.500000000000000000e+01
7.710000000000000000e+02 3.300000000000000000e+01 3.900000000000000000e+01 5.500000000000000000e+01
7.720000000000000000e+02 3.400000000000000000e+01 3.900000000000000000e+01 5.500000000000000000e+01
7.730000000000000000e+02 3.500000000000000000e+01 3.900000000000000000e+01 5.500000000000000000e+01
7.730000000000000000e+02 3.600000000000000000e+01 4.000000000000000000e+01 5.600000000000000000e+01
7.740000000000000000e+02 3.700000000000000000e+01 4.000000000000000000e+01 5.600000000000000000e+01
7.750000000000000000e+02 3.800000000000000000e+01 4.000000000000000000e+01 5.600000000000000000e+01
7.760000000000000000e+02 3.900000000000000000e+01 4.000000000000000000e+01 5.600000000000000000e+01
7.770000000000000000e+02 4.100000000000000000e+01 4.000000000000000000e+01 5.600000000000000000e+01
7.780000000000000000e+02 4.200000000000000000e+01 4.000000000000000000e+01 5.600000000000000000e+01
7.790000000000000000e+02 4.300000000000000000e+01 4.000000000000000000e+01 5.600000000000000000e+01
7.800000000000000000e+02 4.400000000000000000e+01 4.100000000000000000e+01 5.800000000000000000e+01
7.810000000000000000e+02 4.500000000000000000e+01 4.100000000000000000e+01 5.800000000000000000e+01
7.810000000000000000e+02 4.700000000000000000e+01 4.100000000000000000e+01 5.800000000000000000e+01
7.820000000000000000e+02 4.800000000000000000e+01 4.100000000000000000e+01 5.800000000000000000e+01
7.830000000000000000e+02 5.000000000000000000e+01 4.100000000000000000e+01 5.800000000000000000e+01
7.840000000000000000e+02 5.100000000000000000e+01 4.100000000000000000e+01 5.800000000000000000e+01
7.850000000000000000e+02 5.300000000000000000e+01 4.100000000000000000e+01 5.800000000000000000e+01
7.860000000000000000e+02 5.400000000000000000e+01 4.100000000000000000e+01 5.800000000000000000e+01
7.880000000000000000e+02 5.600000000000000000e+01 4.100000000000000000e+01 5.800000000000000000e+01
7.890000000000000000e+02 5.700000000000000000e+01 4.100000000000000000e+01 5.800000000000000000e+01
7.900000000000000000e+02 5.900000000000000000e+01 4.100000000000000000e+01 5.800000000000000000e+01
7.910000000000000000e+02 6.100000000000000000e+01 4.100000000000000000e+01 5.800000000000000000e+01
7.920000000000000000e+02 6.200000000000000000e+01 4.100000000000000000e+01 5.800000000000000000e+01
7.930000000000000000e+02 6.400000000000000000e+01 4.100000000000000000e+01 5.800000000000000000e+01
7.940000000000000000e+02 6.600000000000000000e+01 4.100000000000000000e+01 5.800000000000000000e+01
7.950000000000000000e+02 6.700000000000000000e+01 4.100000000000000000e+01 5.800000000000000000e+01
7.960000000000000000e+02 6.900000000000000000e+01 4.100000000000000000e+01 5.800000000000000000e+01
7.970000000000000000e+02 7.100000000000000000e+01 4.100000000000000000e+01 5.800000000000000000e+01
7.980000000000000000e+02 7.300000000000000000e+01 4.100000000000000000e+01 5.800000000000000000e+01
7.980000000000000000e+02 7.400000000000000000e+01 4.200000000000000000e+01 6.000000000000000000e+01
8.000000000000000000e+02 7.600000000000000000e+01 4.200000000000000000e+01 6.000000000000000000e+01
8.010000000000000000e+02 7.700000000000000000e+01 4.200000000000000000e+01 6.000000000000000000e+01
8.020000000000000000e+02 7.900000000000000000e+01 4.200000000000000000e+01 6.000000000000000000e+01
8.040000000000000000e+02 8.100000000000000000e+01 4.200000000000000000e+01 6.000000000000000000e+01
8.050000000000000000e+02 8.300000000000000000e+01 4.200000000000000000e+01 6.000000000000000000e+01
8.060000000000000000e+02 8.500000000000000000e+01 4.200000000000000000e+01 6.000000000000000000e+01
8.080000000000000000e+02 8.800000000000000000e+01 4.300000000000000000e+01 6.100000000000000000e+01
8.090000000000000000e+02 8.900000000000000000e+01 4.300000000000000000e+01 6.100000000000000000e+01
8.100000000000000000e+02 9.200000000000000000e+01 4.300000000000000000e+01 6.100000000000000000e+01
8.120000000000000000e+02 9.400000000000000000e+01 4.300000000000000000e+01 6.100000000000000000e+01
8.130000000000000000e+02 9.600000000000000000e+01 4.300000000000000000e+01 6.100000000000000000e+01
8.140000000000000000e+02 9.800000000000000000e+01 4.300000000000000000e+01 6.100000000000000000e+01
8.160000000000000000e+02 1.000000000000000000e+02 4.300000000000000000e+01 6.100000000000000000e+01
8.170000000000000000e+02 1.030000000000000000e+02 4.300000000000000000e+01 6.100000000000000000e+01
8.180000000000000000e+02 1.040000000000000000e+02 4.500000000000000000e+01 6.300000000000000000e+01
8.190000000000000000e+02 1.060000000000000000e+02 4.500000000000000000e+01 6.300000000000000000e+01
8.210000000000000000e+02 1.090000000000000000e+02 4.500000000000000000e+01 6.300000000000000000e+01
8.220000000000000000e+02 1.110000000000000000e+02 4.500000000000000000e+01 6.300000000000000000e+01
8.240000000000000000e+02 1.140000000000000000e+02 4.500000000000000000e+01 6.300000000000000000e+01
8.250000000000000000e+02 1.160000000000000000e+02 4.500000000000000000e+01 6.300000000000000000e+01
8.270000000000000000e+02 1.190000000000000000e+02 4.500000000000000000e+01 6.300000000000000000e+01
8.290000000000000000e+02 1.210000000000000000e+02 4.500000000000000000e+01 6.300000000000000000e+01
8.300000000000000000e+02 1.240000000000000000e+02 4.500000000000000000e+01 6.300000000000000000e+01
8.310000000000000000e+02 1.260000000000000000e+02 4.600000000000000000e+01 6.500000000000000000e+01
8.330000000000000000e+02 1.280000000000000000e+02 4.600000000000000000e+01 6.500000000000000000e+01
8.340000000000000000e+02 1.310000000000000000e+02 4.600000000000000000e+01 6.500000000000000000e+01
8.360000000000000000e+02 1.340000000000000000e+02 4.600000000000000000e+01 6.500000000000000000e+01
8.380000000000000000e+02 1.360000000000000000e+02 4.700000000000000000e+01 6.700000000000000000e+01
8.400000000000000000e+02 1.380000000000000000e+02 4.700000000000000000e+01 6.700000000000000000e+01
8.420000000000000000e+02 1.410000000000000000e+02 4.700000000000000000e+01 6.700000000000000000e+01
8.430000000000000000e+02 1.440000000000000000e+02 4.700000000000000000e+01 6.700000000000000000e+01
8.450000000000000000e+02 1.470000000000000000e+02 4.700000000000000000e+01 6.700000000000000000e+01
8.470000000000000000e+02 1.500000000000000000e+02 4.700000000000000000e+01 6.700000000000000000e+01
8.490000000000000000e+02 1.530000000000000000e+02 4.700000000000000000e+01 6.700000000000000000e+01
8.500000000000000000e+02 1.550000000000000000e+02 4.900000000000000000e+01 6.900000000000000000e+01
8.520000000000000000e+02 1.580000000000000000e+02 4.900000000000000000e+01 6.900000000000000000e+01
8.530000000000000000e+02 1.610000000000000000e+02 5.000000000000000000e+01 7.100000000000000000e+01
8.560000000000000000e+02 1.640000000000000000e+02 4.900000000000000000e+01 6.900000000000000000e+01
8.580000000000000000e+02 1.680000000000000000e+02 4.900000000000000000e+01 6.900000000000000000e+01
8.600000000000000000e+02 1.720000000000000000e+02 4.900000000000000000e+01 6.900000000000000000e+01
8.620000000000000000e+02 1.740000000000000000e+02 5.000000000000000000e+01 7.100000000000000000e+01
8.630000000000000000e+02 1.770000000000000000e+02 5.000000000000000000e+01 7.100000000000000000e+01
8.650000000000000000e+02 1.800000000000000000e+02 5.000000000000000000e+01 7.100000000000000000e+01
8.670000000000000000e+02 1.820000000000000000e+02 5.200000000000000000e+01 7.300000000000000000e+01
8.690000000000000000e+02 1.850000000000000000e+02 5.200000000000000000e+01 7.300000000000000000e+01
8.710000000000000000e+02 1.890000000000000000e+02 5.200000000000000000e+01 7.300000000000000000e+01
8.730000000000000000e+02 1.920000000000000000e+02 5.200000000000000000e+01 7.300000000000000000e+01
8.750000000000000000e+02 1.960000000000000000e+02 5.200000000000000000e+01 7.300000000000000000e+01
8.770000000000000000e+02 1.980000000000000000e+02 5.300000000000000000e+01 7.600000000000000000e+01
8.800000000000000000e+02 2.010000000000000000e+02 5.300000000000000000e+01 7.600000000000000000e+01
8.820000000000000000e+02 2.050000000000000000e+02 5.300000000000000000e+01 7.600000000000000000e+01
8.840000000000000000e+02 2.090000000000000000e+02 5.300000000000000000e+01 7.600000000000000000e+01
8.860000000000000000e+02 2.120000000000000000e+02 5.500000000000000000e+01 7.800000000000000000e+01
8.870000000000000000e+02 2.150000000000000000e+02 5.500000000000000000e+01 7.800000000000000000e+01
8.900000000000000000e+02 2.190000000000000000e+02 5.500000000000000000e+01 7.800000000000000000e+01
8.920000000000000000e+02 2.230000000000000000e+02 5.500000000000000000e+01 7.800000000000000000e+01
8.940000000000000000e+02 2.260000000000000000e+02 5.700000000000000000e+01 8.000000000000000000e+01
8.960000000000000000e+02 2.300000000000000000e+02 5.700000000000000000e+01 8.000000000000000000e+01
8.980000000000000000e+02 2.340000000000000000e+02 5.700000000000000000e+01 8.000000000000000000e+01
9.010000000000000000e+02 2.380000000000000000e+02 5.700000000000000000e+01 8.000000000000000000e+01
9.030000000000000000e+02 2.430000000000000000e+02 5.700000000000000000e+01 8.000000000000000000e+01
9.050000000000000000e+02 2.470000000000000000e+02 5.700000000000000000e+01 8.000000000000000000e+01
9.070000000000000000e+02 2.510000000000000000e+02 5.800000000000000000e+01 8.300000000000000000e+01
9.090000000000000000e+02 2.540000000000000000e+02 5.800000000000000000e+01 8.300000000000000000e+01
9.120000000000000000e+02 2.590000000000000000e+02 5.800000000000000000e+01 8.300000000000000000e+01
9.140000000000000000e+02 2.630000000000000000e+02 6.000000000000000000e+01 8.500000000000000000e+01
9.160000000000000000e+02 2.670000000000000000e+02 6.000000000000000000e+01 8.500000000000000000e+01
9.190000000000000000e+02 2.720000000000000000e+02 6.000000000000000000e+01 8.500000000000000000e+01
9.210000000000000000e+02 2.770000000000000000e+02 6.000000000000000000e+01 8.500000000000000000e+01
9.230000000000000000e+02 2.800000000000000000e+02 6.200000000000000000e+01 8.800000000000000000e+01
9.260000000000000000e+02 2.840000000000000000e+02 6.200000000000000000e+01 8.800000000000000000e+01
9.280000000000000000e+02 2.890000000000000000e+02 6.400000000000000000e+01 9.000000000000000000e+01
9.300000000000000000e+02 2.940000000000000000e+02 6.400000000000000000e+01 9.000000000000000000e+01
9.330000000000000000e+02 2.990000000000000000e+02 6.400000000000000000e+01 9.000000000000000000e+01
9.360000000000000000e+02 3.040000000000000000e+02 6.400000000000000000e+01 9.000000000000000000e+01
9.380000000000000000e+02 3.090000000000000000e+02 6.400000000000000000e+01 9.000000000000000000e+01
9.400000000000000000e+02 3.140000000000000000e+02 6.600000000000000000e+01 9.300000000000000000e+01
9.430000000000000000e+02 3.190000000000000000e+02 6.600000000000000000e+01 9.300000000000000000e+01
9.450000000000000000e+02 3.250000000000000000e+02 6.600000000000000000e+01 9.300000000000000000e+01
9.470000000000000000e+02 3.290000000000000000e+02 6.800000000000000000e+01 9.600000000000000000e+01
9.500000000000000000e+02 3.350000000000000000e+02 6.800000000000000000e+01 9.600000000000000000e+01
9.520000000000000000e+02 3.400000000000000000e+02 7.000000000000000000e+01 9.900000000000000000e+01
9.540000000000000000e+02 3.450000000000000000e+02 7.000000000000000000e+01 9.900000000000000000e+01
9.570000000000000000e+02 3.510000000000000000e+02 7.000000000000000000e+01 9.900000000000000000e+01
9.600000000000000000e+02 3.580000000000000000e+02 7.000000000000000000e+01 9.900000000000000000e+01
9.620000000000000000e+02 3.640000000000000000e+02 7.000000000000000000e+01 9.900000000000000000e+01
9.650000000000000000e+02 3.700000000000000000e+02 7.000000000000000000e+01 9.900000000000000000e+01
9.680000000000000000e+02 3.760000000000000000e+02 7.000000000000000000e+01 9.900000000000000000e+01
9.690000000000000000e+02 3.800000000000000000e+02 7.200000000000000000e+01 1.020000000000000000e+02
